0.0105924224	
0.0081821402	
0.0091944930	
0.0121691435	
0.0099525729	
0.0215388488	
0.0083933042	
0.0126704313	
0.0208335308	
0.0155254436	
0.0136736049	
0.0154654281	
0.0085731171	
0.0050137820	
0.0303147650	
0.0138455873	
0.0112997874	
0.0110898121	
0.0080958763	
0.0152065594	
0.0076917999	
0.0038346823	
0.0133651357	
0.0147948891	
0.0282205540	
0.0162029445	
0.0055949557	
0.0228224797	
0.0167440330	
0.0195096081	
0.0248659974	
0.0110713106	
0.0228612441	
0.0053847582	
0.0042426777	
0.0056531738	
0.0147844976	
0.0000000000	
0.0057161560	
0.0139653912	
0.0050016866	
0.0051370242	
0.0361023859	
0.0058525996	
0.0084166202	
0.0067162287	
0.0086627324	
0.0125750102	
0.0136789999	
0.0201047677	
0.0134066977	
0.0170174049	
0.0102283087	
0.0098128865	
0.0046129879	
0.0198501640	
0.0064851189	
0.0068697634	
0.0228464006	
0.0242839984	
0.0067506503	
0.0254098759	
0.0115077675	
0.0158403821	
0.0073260780	
0.0072823346	
0.0270564730	
0.0167521310	
0.0118556094	
0.0000000000	
0.0050346344	
0.0223983396	
0.0195297834	
0.0092651123	
0.0136353148	
0.0170962036	
0.0066405847	
