0.0103997952	
0.0081318840	
0.0092536776	
0.0120113305	
0.0099687719	
0.0212821363	
0.0084254537	
0.0125912055	
0.0209797784	
0.0155308920	
0.0141545206	
0.0153110440	
0.0086351485	
0.0050805014	
0.0301628386	
0.0139870519	
0.0114038356	
0.0113972803	
0.0081475891	
0.0152323696	
0.0076366320	
0.0036494530	
0.0133845304	
0.0149125505	
0.0284096558	
0.0161858228	
0.0056048007	
0.0225569371	
0.0166051266	
0.0194939204	
0.0248656816	
0.0112264183	
0.0231099466	
0.0053499720	
0.0043172853	
0.0056583460	
0.0147970837	
0.0000000000	
0.0058260825	
0.0139706926	
0.0049541222	
0.0051414935	
0.0357312589	
0.0058734363	
0.0084838999	
0.0066323305	
0.0088197594	
0.0124393188	
0.0136570792	
0.0198624698	
0.0136805404	
0.0167304453	
0.0101620392	
0.0099037405	
0.0047164315	
0.0197268219	
0.0064685150	
0.0069318504	
0.0229401751	
0.0238013730	
0.0068305555	
0.0253955840	
0.0114485441	
0.0161190926	
0.0074232699	
0.0072259126	
0.0267715918	
0.0169494285	
0.0120452674	
0.0000000000	
0.0050661373	
0.0225005960	
0.0193904388	
0.0095531804	
0.0134448975	
0.0170496266	
0.0064807336	
