0.0114923529	
0.0090341115	
0.0094717719	
0.0144291594	
0.0000000000	
0.0175458622	
0.0112170660	
0.0122365068	
0.0194335821	
0.0170838917	
0.0140463955	
0.0147059823	
0.0096528783	
0.0078382060	
0.0240668063	
0.0129058388	
0.0126598921	
0.0124620549	
0.0086435657	
0.0147257982	
0.0083949089	
0.0067398237	
0.0139445062	
0.0146382007	
0.0257584525	
0.0183401971	
0.0068175444	
0.0235553071	
0.0184425021	
0.0197326150	
0.0192094767	
0.0113256909	
0.0197082949	
0.0070390145	
0.0062231776	
0.0082946509	
0.0154760983	
0.0030026292	
0.0084758521	
0.0132472446	
0.0068268054	
0.0068027696	
0.0306710137	
0.0081115551	
0.0088855564	
0.0078044150	
0.0089721761	
0.0131909539	
0.0129408663	
0.0190694502	
0.0127100896	
0.0170831866	
0.0130918432	
0.0095488150	
0.0054397022	
0.0199601357	
0.0085457542	
0.0093583011	
0.0216076439	
0.0234835576	
0.0051465675	
0.0242238708	
0.0120207421	
0.0161334800	
0.0092876565	
0.0081352975	
0.0219085187	
0.0160996531	
0.0125186705	
0.0000000000	
0.0070626074	
0.0187211297	
0.0155696064	
0.0132354480	
0.0117154108	
0.0148951697	
0.0072036706	
