0.0104040476	
0.0081616238	
0.0098499893	
0.0114414426	
0.0089386055	
0.0190064737	
0.0081550245	
0.0118804465	
0.0213707155	
0.0168347615	
0.0136148242	
0.0156356266	
0.0085848642	
0.0075973252	
0.0269139798	
0.0136705202	
0.0126942451	
0.0116702800	
0.0080818191	
0.0155441074	
0.0057970802	
0.0055827876	
0.0135586656	
0.0146056396	
0.0296984719	
0.0170507313	
0.0063344049	
0.0202108572	
0.0176125305	
0.0205410310	
0.0235290890	
0.0102672041	
0.0220151868	
0.0053713828	
0.0063564630	
0.0075090495	
0.0141613337	
0.0002845458	
0.0081664427	
0.0142800349	
0.0053967989	
0.0051844268	
0.0341122313	
0.0047154623	
0.0089355300	
0.0071998136	
0.0082395818	
0.0127925606	
0.0132825550	
0.0196613597	
0.0126513597	
0.0164437559	
0.0129367256	
0.0099876008	
0.0047207519	
0.0195825568	
0.0083990372	
0.0093920001	
0.0240104880	
0.0232454808	
0.0071506462	
0.0245028398	
0.0118791431	
0.0164393653	
0.0067227238	
0.0074041288	
0.0236508065	
0.0185190766	
0.0127762775	
0.0000000000	
0.0052319661	
0.0200840807	
0.0176343858	
0.0100413931	
0.0125380874	
0.0162540152	
0.0052973329	
