0.0112057079	
0.0081943146	
0.0094386576	
0.0114997392	
0.0101972863	
0.0207624390	
0.0085208562	
0.0117012973	
0.0216018520	
0.0167530545	
0.0142835107	
0.0154119047	
0.0086507673	
0.0057183132	
0.0294838950	
0.0136805211	
0.0121407565	
0.0109980983	
0.0079882157	
0.0153259133	
0.0067583585	
0.0050279132	
0.0136165852	
0.0141984509	
0.0299795834	
0.0145599987	
0.0059306786	
0.0219510801	
0.0166021514	
0.0197812683	
0.0249525458	
0.0107718542	
0.0229240554	
0.0053000916	
0.0052198506	
0.0063913144	
0.0148703634	
0.0000000000	
0.0069515067	
0.0137699259	
0.0054456770	
0.0048934832	
0.0350243020	
0.0051130760	
0.0084706174	
0.0067525782	
0.0089039031	
0.0121246910	
0.0130293275	
0.0201266150	
0.0127459113	
0.0158859032	
0.0111174787	
0.0103187480	
0.0050038592	
0.0198781945	
0.0069603278	
0.0080708941	
0.0234868066	
0.0240237918	
0.0067530634	
0.0256916917	
0.0112477685	
0.0157935224	
0.0072107856	
0.0078141403	
0.0253372725	
0.0180103703	
0.0126707512	
0.0000000000	
0.0054665452	
0.0213147822	
0.0180719566	
0.0093856665	
0.0127012860	
0.0166630425	
0.0053764927	
