0.0108183788	
0.0069632574	
0.0080836628	
0.0113270145	
0.0054056497	
0.0184182464	
0.0120355551	
0.0130975742	
0.0173278446	
0.0141460903	
0.0120711980	
0.0150192217	
0.0113047606	
0.0073490874	
0.0283120064	
0.0167578065	
0.0127709887	
0.0149935556	
0.0080513522	
0.0152142107	
0.0098495832	
0.0043239674	
0.0177416606	
0.0155762988	
0.0251993856	
0.0196335319	
0.0070390718	
0.0208372985	
0.0162513192	
0.0177820605	
0.0163264601	
0.0098311852	
0.0214339823	
0.0075572860	
0.0066140319	
0.0077955157	
0.0157927080	
0.0022392628	
0.0085180151	
0.0109218540	
0.0075402652	
0.0072437034	
0.0295674478	
0.0068288657	
0.0077351386	
0.0077590239	
0.0056059232	
0.0126047892	
0.0105992877	
0.0151492956	
0.0114285057	
0.0198858076	
0.0149369059	
0.0129169292	
0.0040290189	
0.0200089090	
0.0084322407	
0.0102144366	
0.0200693392	
0.0231199408	
0.0041176563	
0.0248331343	
0.0130115516	
0.0151566095	
0.0093688195	
0.0119919267	
0.0216721610	
0.0156564228	
0.0145802889	
0.0000000000	
0.0065092320	
0.0189897328	
0.0162325695	
0.0146380986	
0.0155226746	
0.0149268625	
0.0063845454	
