0.0110966373	
0.0070549588	
0.0086941198	
0.0109525148	
0.0041707411	
0.0170401532	
0.0123500606	
0.0132808950	
0.0173553529	
0.0129684971	
0.0117132237	
0.0144163912	
0.0115477550	
0.0081496832	
0.0286959431	
0.0165588195	
0.0123366268	
0.0151148863	
0.0071776156	
0.0156473202	
0.0098467523	
0.0041051761	
0.0180823869	
0.0157802024	
0.0250559008	
0.0203220774	
0.0065116797	
0.0213671311	
0.0167449305	
0.0181474865	
0.0155093753	
0.0098382716	
0.0216750148	
0.0077451158	
0.0067023527	
0.0077722368	
0.0151431291	
0.0012258751	
0.0091096522	
0.0100500863	
0.0074010044	
0.0073034880	
0.0297546474	
0.0062777837	
0.0083481683	
0.0075381830	
0.0059227803	
0.0128149419	
0.0103548247	
0.0157642621	
0.0120305664	
0.0200378004	
0.0155263178	
0.0134499351	
0.0047603828	
0.0208616683	
0.0087628351	
0.0111390630	
0.0211190116	
0.0236350789	
0.0038236343	
0.0246569946	
0.0131431197	
0.0148779378	
0.0089989353	
0.0108580339	
0.0204772043	
0.0172571109	
0.0137729903	
0.0000000000	
0.0060458707	
0.0175691619	
0.0169656870	
0.0149929217	
0.0154833929	
0.0153067702	
0.0059104621	
