0.0109388252	
0.0086122292	
0.0080325755	
0.0119372085	
0.0012838486	
0.0189644518	
0.0123109924	
0.0132876393	
0.0169505954	
0.0131402999	
0.0121798699	
0.0144380162	
0.0109779775	
0.0071037641	
0.0270945842	
0.0165912351	
0.0121564458	
0.0143674856	
0.0079740155	
0.0153354877	
0.0099716059	
0.0047243058	
0.0175719640	
0.0161947953	
0.0250464430	
0.0182545992	
0.0073974517	
0.0198679763	
0.0165978172	
0.0179554962	
0.0169674482	
0.0101178153	
0.0222844989	
0.0078660168	
0.0070157906	
0.0082129326	
0.0166891482	
0.0032038799	
0.0090807715	
0.0109790329	
0.0080885703	
0.0079663812	
0.0286300360	
0.0075361302	
0.0078176911	
0.0079487646	
0.0072075499	
0.0124739203	
0.0110316435	
0.0153504495	
0.0119223832	
0.0196656667	
0.0146027007	
0.0133552106	
0.0045462101	
0.0198037028	
0.0084553031	
0.0104383501	
0.0194763636	
0.0229926376	
0.0049945111	
0.0237978866	
0.0130830456	
0.0151182779	
0.0110489194	
0.0112381901	
0.0216076797	
0.0146922277	
0.0135311168	
0.0000000000	
0.0071050881	
0.0199785732	
0.0156939811	
0.0138258926	
0.0150443627	
0.0137189975	
0.0065342482	
