0.0000000000	
-0.0000000000	
0.0000000000	
-0.0000000000	
0.0000000000	
0.0000000000	
0.0000000000	
0.0000000000	
0.0664152386	
0.0000000000	
-0.0000000000	
0.0000000000	
0.0245508171	
0.0000000000	
0.0000000000	
0.0000000000	
0.0000000000	
0.0048286608	
0.0000000000	
0.0000000000	
0.0000000000	
0.0000000000	
0.0587978572	
0.0000000000	
-0.0000000000	
0.0000000000	
0.0000000000	
0.0000000000	
0.0000000000	
0.0000000000	
0.0000000000	
0.0000000000	
0.0909718497	
-0.0000000000	
0.0000000000	
0.0000000000	
0.0000000000	
0.3258043944	
0.0000000000	
0.0000000000	
0.0000000000	
0.0761831194	
0.0000000000	
0.0093092920	
0.0000000000	
0.0000000000	
0.0000000000	
0.0000000000	
0.0000000000	
0.0000000000	
0.0000000000	
0.0000000000	
0.0000000000	
0.0000000000	
0.0000000000	
0.0000000000	
-0.0000000000	
0.0000000000	
-0.0000000000	
0.2329614986	
0.0000000000	
0.0000000000	
0.0000000000	
0.0889792358	
0.0000000000	
0.0073210242	
0.0000000000	
-0.0000000000	
0.0000000000	
0.0000000000	
0.0000000000	
0.0138770121	
0.0000000000	
-0.0000000000	
0.0000000000	
0.0000000000	
0.0000000000	
0.0000000000	
0.0000000000	
0.0000000000	
0.0000000000	
0.0000000000	
0.0000000000	
0.0000000000	
0.0000000000	
0.0000000000	
0.0000000000	
0.0000000000	
0.0000000000	
