-0.0000000000	
-0.0000000000	
-0.0000000000	
-0.0000000000	
-0.0000000000	
-0.0000000000	
-0.0000000000	
-0.0000000000	
0.1148464057	
-0.0000000000	
-0.0000000000	
-0.0000000000	
-0.0000000000	
0.1164301393	
-0.0000000000	
-0.0000000000	
0.0164045456	
-0.0000000000	
-0.0000000000	
-0.0000000000	
0.0110904682	
-0.0000000000	
0.0474742442	
-0.0000000000	
-0.0000000000	
-0.0000000000	
-0.0000000000	
-0.0000000000	
0.0000000193	
-0.0000000000	
-0.0000000000	
-0.0000000000	
0.1401349570	
-0.0000000000	
-0.0000000000	
-0.0000000000	
-0.0000000000	
0.3094830281	
-0.0000000000	
-0.0000000000	
-0.0000000000	
0.0000000000	
-0.0000000000	
-0.0000000000	
-0.0000000000	
-0.0000000000	
-0.0000000000	
-0.0000000000	
0.0000000000	
-0.0000000000	
-0.0000000000	
-0.0000000000	
-0.0000000000	
-0.0000000000	
-0.0000000000	
-0.0000000000	
-0.0000000000	
-0.0000000000	
-0.0000000000	
0.1960305225	
-0.0000000000	
-0.0000000000	
-0.0000000000	
0.0481056700	
-0.0000000000	
-0.0000000000	
-0.0000000000	
-0.0000000000	
-0.0000000000	
-0.0000000000	
-0.0000000000	
0.0000000000	
-0.0000000000	
-0.0000000000	
-0.0000000000	
-0.0000000000	
-0.0000000000	
-0.0000000000	
-0.0000000000	
0.0000000000	
-0.0000000000	
-0.0000000000	
-0.0000000000	
-0.0000000000	
-0.0000000000	
-0.0000000000	
-0.0000000000	
-0.0000000000	
-0.0000000000	
