0.0000000000	
-0.0000000000	
0.0000000000	
0.0000000000	
0.0000000000	
-0.0000000000	
-0.0000000000	
0.0000000000	
0.0754837560	
0.0000000000	
-0.0000000000	
-0.0000000000	
0.0429529369	
0.0000000000	
0.0000000000	
0.0000000000	
0.0000000000	
0.0000600119	
-0.0000000000	
0.0000000000	
0.0000000000	
-0.0000000000	
0.0348343983	
0.0000000000	
0.0000000000	
0.0000000000	
-0.0000000000	
-0.0000000000	
0.0000000000	
0.0000000000	
-0.0000000000	
0.0000000000	
0.0671366934	
0.0000000000	
-0.0000000000	
-0.0000000000	
0.0000000000	
0.3588082122	
0.0000000000	
0.0000000000	
-0.0000000000	
0.0815239144	
0.0000000000	
-0.0000000000	
-0.0000000000	
-0.0000000000	
0.0000000000	
-0.0000000000	
0.0100537202	
0.0000000000	
-0.0000000000	
0.0000000000	
0.0000000000	
0.0000000000	
-0.0000000000	
-0.0000000000	
-0.0000000000	
0.0000000000	
-0.0000000000	
0.2158119922	
0.0000000000	
0.0000000000	
-0.0000000000	
0.0826968521	
0.0000000000	
0.0306375125	
-0.0000000000	
0.0000000000	
0.0000000000	
0.0000000000	
-0.0000000000	
0.0000000000	
-0.0000000000	
-0.0000000000	
-0.0000000000	
-0.0000000000	
0.0000000000	
0.0000000000	
0.0000000000	
0.0000000000	
-0.0000000000	
0.0000000000	
-0.0000000000	
0.0000000000	
-0.0000000000	
0.0000000000	
0.0000000000	
-0.0000000000	
0.0000000000	
