-0.0000000000	
-0.0000000000	
-0.0000000000	
-0.0000000000	
-0.0000000000	
-0.0000000000	
-0.0000000000	
-0.0000000000	
0.0000003153	
-0.0000000000	
-0.0000000000	
-0.0000000000	
0.0361583681	
0.0000000000	
-0.0000000000	
-0.0000000000	
-0.0000000000	
0.0006661937	
-0.0000000000	
-0.0000000000	
-0.0000000000	
-0.0000000000	
0.0081131188	
-0.0000000000	
-0.0000000000	
-0.0000000000	
-0.0000000000	
-0.0000000000	
-0.0000000000	
-0.0000000000	
0.0000000000	
-0.0000000000	
0.0851337210	
-0.0000000000	
-0.0000000000	
-0.0000000000	
-0.0000000000	
0.3504756886	
-0.0000000000	
-0.0000000000	
-0.0000000000	
0.1070971979	
-0.0000000000	
-0.0000000000	
-0.0000000000	
-0.0000000000	
-0.0000000000	
-0.0000000000	
0.0000000000	
0.0000000000	
-0.0000000000	
-0.0000000000	
-0.0000000000	
-0.0000000000	
-0.0000000000	
-0.0000000000	
-0.0000000000	
-0.0000000000	
-0.0000000000	
0.2874330685	
-0.0000000000	
-0.0000000000	
-0.0000000000	
0.0868065348	
0.0000000000	
0.0381157934	
-0.0000000000	
-0.0000000000	
-0.0000000000	
-0.0000000000	
-0.0000000000	
0.0000000000	
-0.0000000000	
-0.0000000000	
-0.0000000000	
-0.0000000000	
-0.0000000000	
-0.0000000000	
-0.0000000000	
-0.0000000000	
-0.0000000000	
-0.0000000000	
-0.0000000000	
-0.0000000000	
-0.0000000000	
-0.0000000000	
-0.0000000000	
-0.0000000000	
-0.0000000000	
