0.004996	
0.009713	
0.035221	
0.000155	
0.006190	
0.001372	
0.011597	
0.000000	
0.000000	
0.005964	
0.000000	
0.000913	
0.006788	
0.013349	
0.000000	
0.002033	
0.005168	
0.007080	
0.000000	
0.042535	
0.000000	
0.000000	
0.013977	
0.031669	
0.000000	
0.007244	
0.005858	
0.009129	
0.030571	
0.005777	
0.052361	
0.000000	
0.006562	
0.000000	
0.004098	
0.006045	
0.004687	
0.010049	
0.003505	
0.009145	
0.028203	
0.000000	
0.004842	
0.003087	
0.010010	
0.000000	
0.000000	
0.064561	
0.000000	
0.000000	
0.066979	
0.012233	
0.035335	
0.000000	
0.014737	
0.012702	
0.006080	
0.007969	
0.010857	
0.017205	
0.006795	
0.009403	
0.000000	
0.035581	
0.000000	
-0.000000	
0.011518	
-0.000000	
0.001260	
0.009870	
0.000000	
0.017338	
0.000000	
0.000000	
0.010099	
0.000000	
0.000000	
0.000000	
0.000767	
0.023646	
0.000000	
0.013968	
0.016469	
0.080459	
0.000000	
0.000000	
0.020992	
0.000000	
0.043555	
0.009460	
0.001291	
0.001661	
0.000000	
0.014881	
0.000000	
0.000000	
0.010540	
0.011892	
