0.007353	
0.014068	
0.047331	
0.003171	
0.005738	
0.000854	
0.006584	
0.000000	
0.006174	
0.000069	
0.000000	
0.001848	
0.001158	
0.014977	
-0.000000	
0.004533	
0.002878	
0.007848	
0.000000	
0.039313	
0.000000	
0.002229	
0.020639	
0.026021	
0.000000	
0.004780	
0.007788	
0.018161	
0.031995	
0.002667	
0.036257	
0.000000	
0.006491	
0.000000	
0.004836	
0.000065	
0.003854	
0.010162	
0.008657	
0.004682	
0.020413	
0.000000	
0.006330	
0.001099	
0.003911	
0.000000	
0.000000	
0.061274	
0.000000	
0.000000	
0.061914	
0.013011	
0.051200	
0.000000	
0.015270	
0.016483	
0.008063	
0.013433	
0.004029	
0.023050	
0.005087	
0.012500	
0.001737	
0.039855	
0.000000	
0.000000	
0.014567	
0.000000	
0.007449	
0.011427	
0.000000	
0.014335	
0.001811	
0.000000	
0.015549	
0.000000	
0.000000	
0.000000	
0.003165	
0.011558	
0.000000	
0.016929	
0.009313	
0.072241	
0.001366	
0.003048	
0.019598	
0.000000	
0.043529	
0.008076	
0.004618	
0.002056	
0.000001	
0.000000	
0.000000	
0.000006	
0.018108	
0.009412	
