0.007590	
0.010472	
0.031798	
0.002777	
0.007812	
0.002992	
0.009922	
0.000000	
0.000000	
0.004532	
0.000000	
0.001252	
0.003981	
0.013719	
0.000000	
0.002867	
0.007715	
0.006461	
0.000000	
0.040131	
0.000000	
0.001449	
0.014015	
0.030341	
0.001565	
0.007452	
0.006071	
0.009780	
0.027897	
0.007917	
0.052670	
0.000000	
0.006457	
0.000000	
0.007039	
0.007669	
0.006483	
0.011052	
0.006444	
0.007978	
0.025389	
0.000000	
0.005109	
0.002186	
0.012428	
0.000000	
0.000000	
0.062040	
0.000000	
0.000000	
0.061083	
0.012404	
0.035029	
0.000000	
0.015859	
0.012536	
0.007580	
0.010435	
0.008520	
0.016673	
0.005693	
0.010351	
0.000000	
0.034366	
0.000000	
0.000000	
0.012688	
0.000000	
0.000319	
0.008235	
0.000000	
0.019318	
0.000000	
0.000000	
0.011472	
0.000000	
-0.000000	
0.000000	
0.001053	
0.022436	
0.000000	
0.015808	
0.016597	
0.074517	
0.000000	
0.000000	
0.019587	
0.000000	
0.041624	
0.009862	
0.003487	
0.002424	
0.000000	
0.014149	
0.000000	
0.000000	
0.010904	
0.011541	
