0.000000	
0.000000	
0.000000	
0.000000	
0.000000	
0.000000	
0.000000	
0.000000	
0.000000	
0.000000	
0.000000	
0.000000	
0.000000	
0.000000	
0.000000	
0.013501	
0.047881	
0.045934	
0.000000	
0.000000	
0.000000	
0.000000	
0.000000	
0.000000	
0.000000	
0.000468	
-0.000000	
0.000000	
0.002101	
0.000000	
0.036278	
0.000000	
0.000000	
0.037278	
0.110385	
-0.000000	
0.000000	
0.003123	
0.000000	
0.000000	
0.000000	
0.000000	
0.000000	
0.029752	
0.000000	
0.000000	
0.000000	
0.000000	
0.000000	
0.000000	
0.000000	
0.000000	
0.065015	
0.000000	
0.000000	
0.000000	
0.000000	
0.000000	
0.000000	
0.000000	
0.000000	
0.000000	
0.000000	
0.000000	
0.000000	
0.000000	
0.000000	
0.000000	
0.000000	
0.000000	
0.000000	
0.000790	
0.000000	
0.078938	
0.000000	
0.000000	
0.000000	
0.000000	
0.000000	
0.000000	
0.000000	
0.000000	
0.000000	
0.000000	
0.528557	
0.000000	
-0.000000	
0.000000	
0.000000	
