0.000000	
0.000000	
0.000000	
0.000000	
0.052004	
0.000000	
0.000000	
0.018354	
0.000000	
0.000000	
0.000000	
0.000000	
0.000000	
0.000000	
0.000000	
-0.000000	
0.000000	
0.000000	
0.000000	
0.000000	
0.000000	
-0.000000	
0.000000	
0.008374	
0.000000	
-0.000000	
0.000000	
0.000000	
0.003455	
0.000000	
0.000000	
0.000000	
0.000000	
0.005876	
0.000000	
0.218045	
0.000000	
0.000000	
0.000000	
0.019682	
0.000000	
0.000000	
0.000000	
0.000000	
0.000000	
-0.000000	
0.000000	
0.000061	
0.011105	
0.000000	
0.000000	
0.000000	
0.000000	
0.000000	
0.000000	
0.000000	
0.000000	
0.103443	
0.000000	
0.000000	
0.000000	
0.000000	
0.000000	
0.000000	
0.026895	
0.000000	
0.022507	
0.000000	
0.000000	
0.000000	
0.000000	
0.000000	
0.000000	
0.299547	
0.000000	
0.000000	
0.000000	
0.000000	
0.000000	
0.000000	
0.000000	
0.001944	
0.000000	
0.000000	
0.167127	
0.000000	
0.041581	
0.000000	
0.000000	
