0.000000	
0.000302	
0.000000	
0.000000	
0.000000	
-0.000000	
0.000000	
0.000108	
0.000059	
0.000000	
0.000373	
0.000000	
0.000007	
0.000027	
0.000000	
0.000000	
0.009699	
0.048367	
0.000100	
0.000000	
0.000000	
0.001123	
0.000000	
0.041258	
0.000000	
0.000000	
0.000000	
0.000700	
0.000112	
0.000000	
0.000009	
0.000000	
0.000130	
0.041556	
0.000000	
0.269983	
0.000000	
0.000110	
0.000000	
0.000000	
0.005829	
0.000000	
0.000000	
0.000000	
0.000000	
0.012228	
0.000000	
0.000000	
0.000000	
0.000000	
0.000000	
0.000579	
0.000000	
0.000000	
0.000186	
0.000000	
0.000000	
0.001258	
0.000000	
0.000199	
0.000000	
0.026648	
0.000000	
0.000000	
0.000023	
0.000021	
0.065793	
0.000000	
0.000000	
0.000000	
0.000000	
0.000000	
0.000249	
0.295874	
0.000000	
0.000000	
0.000000	
0.000000	
0.000000	
0.000000	
0.015349	
0.000000	
0.000000	
0.000042	
0.161672	
0.000000	
0.000000	
0.000000	
0.000024	
