0.000000	
0.000000	
0.000000	
0.000000	
0.000000	
0.000000	
0.000000	
0.000000	
0.000000	
0.000000	
0.000000	
0.000000	
0.000024	
0.000000	
0.000000	
0.000000	
0.000000	
0.112682	
0.000000	
0.108335	
0.000000	
0.000000	
0.000000	
0.000000	
0.000000	
0.036229	
0.000000	
0.000000	
0.143353	
0.000000	
0.000000	
0.000000	
0.000000	
0.000000	
0.000000	
0.000000	
0.000000	
0.000000	
0.000000	
0.000000	
0.013419	
0.000000	
0.000000	
0.000000	
0.000000	
0.000000	
0.000000	
0.000000	
0.000000	
0.000000	
0.052865	
0.000000	
0.000000	
0.000000	
0.000000	
0.000000	
0.000000	
0.000000	
0.000000	
0.014387	
0.051233	
0.000000	
0.030503	
0.000000	
0.000000	
0.000000	
0.000000	
0.000000	
0.000000	
0.000000	
0.000000	
0.000000	
0.000000	
0.000000	
0.035964	
0.000000	
0.000000	
0.000000	
0.114872	
0.000000	
0.021306	
0.000000	
0.000000	
0.001167	
0.000000	
0.000000	
0.186402	
0.000000	
0.077257	
0.000000	
0.000000	
0.000000	
0.000000	
0.000000	
0.000000	
0.000000	
0.000000	
0.000000	
