0.000000	
0.000000	
0.000000	
0.000000	
0.000000	
0.000000	
0.000000	
0.000000	
0.000000	
0.000000	
0.000000	
0.000000	
0.004377	
0.000000	
0.000000	
0.000000	
0.000000	
0.061361	
0.000000	
0.113781	
0.000000	
0.000000	
0.000000	
0.000000	
0.000000	
0.043061	
0.000000	
0.000000	
0.164912	
0.000000	
0.000000	
0.000000	
0.000000	
0.000000	
0.000000	
0.000000	
0.000000	
0.000000	
0.000000	
0.028076	
0.031762	
0.000000	
0.000000	
0.000000	
0.000000	
0.000000	
0.000000	
0.000000	
0.000000	
0.000000	
0.058724	
0.000000	
0.000000	
0.000000	
0.000000	
0.000000	
0.000000	
0.000000	
0.000000	
0.000000	
0.046402	
0.000000	
0.003560	
0.000000	
0.000000	
0.000000	
0.000000	
0.000000	
0.036790	
0.000000	
0.000000	
0.000000	
0.000000	
0.000000	
0.059772	
0.000000	
0.000000	
0.000000	
0.103454	
0.000000	
0.000000	
0.000000	
0.000000	
0.000000	
0.000000	
0.000000	
0.193209	
0.000000	
0.050759	
0.000000	
0.000000	
0.000000	
0.000000	
0.000000	
0.000000	
0.000000	
0.000000	
0.000000	
