0.000000	
0.000000	
0.000000	
0.000000	
0.000000	
0.000000	
0.000000	
0.000000	
0.000000	
0.000000	
0.000000	
0.000000	
0.000000	
0.000000	
0.000000	
0.000000	
0.000000	
0.000000	
0.000000	
0.097805	
0.000000	
0.000000	
0.000000	
0.000000	
0.000000	
0.000000	
0.007284	
0.000000	
0.118101	
0.000000	
0.000000	
0.000000	
0.000000	
0.000000	
0.000000	
0.000000	
0.000000	
0.008261	
0.000000	
0.185285	
0.000000	
0.000000	
0.000000	
0.000000	
0.000000	
0.000000	
0.000000	
0.000000	
0.000000	
0.000000	
0.055166	
0.000000	
0.000000	
0.000000	
0.000000	
0.000000	
0.000000	
0.000000	
0.000000	
0.000000	
0.037869	
0.000000	
0.000000	
0.000000	
0.000000	
0.000000	
0.000000	
0.000000	
0.020872	
0.000000	
0.000000	
0.000000	
0.000000	
0.000000	
0.081939	
0.000000	
0.000000	
0.000000	
0.057924	
0.000000	
0.005474	
0.000000	
0.000000	
0.057026	
0.000000	
0.000000	
0.231272	
0.000000	
0.035721	
0.000000	
0.000000	
0.000000	
0.000000	
0.000000	
0.000000	
0.000000	
0.000000	
0.000000	
