0.000000	
0.000000	
0.000000	
0.000000	
0.000000	
0.000000	
0.000000	
0.000000	
0.000000	
0.000000	
0.000000	
0.000000	
0.011182	
0.000000	
0.000000	
0.000000	
0.000000	
0.118914	
0.000000	
0.010603	
0.000000	
0.000000	
0.000000	
0.000000	
0.000000	
0.000000	
0.000000	
0.000000	
0.000000	
0.000000	
0.044272	
0.000000	
0.000000	
0.000000	
0.000000	
0.000000	
0.000000	
0.040966	
0.000000	
0.000000	
0.000000	
0.000000	
0.000000	
0.000000	
0.000000	
0.000000	
0.000000	
0.000000	
0.000000	
0.000000	
0.002863	
0.000000	
0.060649	
0.000000	
0.000000	
0.009174	
0.029113	
0.000000	
0.000000	
0.114769	
0.082480	
0.000000	
0.031358	
0.000000	
0.000000	
0.000000	
0.000000	
0.000000	
0.045660	
0.000000	
0.000000	
0.000000	
0.066977	
0.000000	
0.093206	
0.000000	
0.000000	
0.000000	
0.000000	
0.000000	
0.018280	
0.022994	
0.000000	
0.010279	
0.000000	
0.021378	
0.082477	
0.000000	
0.082404	
0.000000	
0.000000	
0.000000	
0.000000	
0.000000	
0.000000	
0.000000	
0.000000	
0.000000	
