0.000000	
0.000000	
0.000000	
0.000000	
0.000000	
0.000000	
0.000000	
0.000000	
0.000000	
0.000000	
0.000000	
0.000000	
0.000000	
0.000000	
0.000000	
0.000000	
0.000000	
0.089488	
0.000000	
0.069063	
0.000000	
0.000000	
0.000000	
0.006763	
0.000000	
0.000000	
0.000000	
0.008577	
0.000000	
0.000000	
0.014533	
0.000000	
0.000000	
0.000000	
0.000000	
0.000000	
0.000000	
0.000000	
0.000000	
0.000000	
0.000000	
0.000000	
0.000000	
0.000000	
0.000000	
0.000000	
0.000000	
0.000000	
0.000000	
0.000000	
0.035620	
0.000000	
0.028183	
0.000000	
0.005034	
0.000000	
0.000000	
0.000000	
0.000000	
0.060034	
0.167166	
0.000000	
0.104753	
0.000000	
0.000000	
0.000000	
0.000000	
0.000000	
0.000000	
0.000000	
0.000000	
0.000000	
0.100015	
0.000000	
0.021806	
0.000000	
0.000000	
0.000000	
0.000000	
0.000000	
0.038005	
0.009196	
0.000000	
0.029655	
0.000000	
0.000000	
0.099369	
0.000000	
0.094941	
0.000000	
0.000000	
0.000000	
0.000000	
0.000000	
0.000000	
0.000000	
0.000000	
0.017801	
