0.000000	
0.000000	
0.000000	
0.000000	
0.000000	
0.000000	
0.000000	
0.000000	
0.000000	
0.000000	
0.000000	
0.000000	
0.000000	
0.000000	
0.000000	
0.000000	
0.000000	
0.104515	
0.000000	
0.062063	
0.000000	
0.000000	
0.000000	
0.003772	
0.000000	
0.000000	
0.000000	
0.004407	
0.000000	
0.000000	
0.016168	
0.000000	
0.000000	
0.000000	
0.000000	
0.000000	
0.000000	
0.000000	
0.000000	
0.000000	
0.000000	
0.000000	
0.000000	
0.000000	
0.000000	
0.000000	
0.000000	
0.000000	
0.000000	
0.000000	
0.032563	
0.000000	
0.033288	
0.000000	
0.003601	
0.000000	
0.000000	
0.000000	
0.000000	
0.058043	
0.160278	
0.000000	
0.109610	
0.000000	
0.000000	
0.000000	
0.000000	
0.000000	
0.000000	
0.000000	
0.000000	
0.000000	
0.100566	
0.000000	
0.026387	
0.000000	
0.000000	
0.000000	
0.000000	
0.000000	
0.036025	
0.008117	
0.001436	
0.024216	
0.000000	
0.003616	
0.095106	
0.000000	
0.100860	
0.000000	
0.000000	
0.000000	
0.000000	
0.000000	
0.000000	
0.000000	
0.000000	
0.015363	
