0.000000	
0.000000	
0.000000	
0.000000	
0.000000	
0.000000	
0.000000	
0.000000	
0.000000	
0.000000	
0.000000	
0.000000	
0.000000	
0.000000	
0.000000	
0.000000	
0.000000	
0.000000	
0.000000	
0.000000	
0.000000	
0.000000	
0.000000	
0.000000	
0.000000	
0.000000	
0.000000	
0.000000	
0.000000	
0.000000	
0.002020	
0.000000	
0.000000	
0.000000	
0.000000	
0.000000	
0.000000	
0.000000	
0.000000	
0.000000	
0.000000	
0.000000	
0.000000	
0.000000	
0.000000	
0.000000	
0.000000	
0.000000	
0.000000	
0.000000	
0.011362	
0.000000	
0.002609	
0.000000	
0.000000	
0.113962	
0.045236	
0.000000	
0.000000	
0.176801	
0.088856	
0.000000	
0.070290	
0.000000	
0.000000	
0.000000	
0.000000	
0.000000	
0.079782	
0.027247	
0.000000	
0.000000	
0.033537	
0.000000	
0.138794	
0.000000	
0.000000	
0.000000	
0.000000	
0.000000	
0.000000	
0.016939	
0.000000	
0.050620	
0.000000	
0.000000	
0.000000	
0.000000	
0.140472	
0.000000	
0.000000	
0.000000	
0.000000	
0.000000	
0.001474	
0.000000	
0.000000	
0.000000	
