0.000000	
0.019726	
0.000000	
0.000000	
0.000000	
0.000000	
0.000000	
0.000000	
0.000000	
0.000000	
0.000000	
0.000000	
0.000000	
0.000000	
0.000000	
0.000000	
0.000000	
0.000000	
0.011885	
-0.000000	
0.000000	
0.000000	
0.000000	
0.000000	
-0.000000	
0.000000	
0.000000	
0.006645	
0.000000	
0.000000	
0.000000	
0.000000	
0.111118	
0.000000	
0.000000	
0.000000	
0.000000	
0.186105	
0.000000	
0.000000	
0.000000	
0.000000	
0.000000	
0.066736	
0.000000	
0.000000	
0.000000	
0.000000	
0.000000	
0.000000	
0.000000	
0.000000	
0.000000	
0.000000	
0.000000	
0.000000	
0.000000	
0.000000	
0.000000	
0.344949	
0.000000	
0.000000	
0.000000	
0.042595	
0.000000	
0.000000	
0.000000	
0.000000	
0.000000	
0.210241	
0.000000	
0.000000	
0.000000	
0.000000	
0.000000	
0.000000	
0.000000	
0.000000	
0.000000	
0.000000	
0.000000	
0.000000	
0.000000	
0.000000	
0.000000	
0.000000	
0.000000	
0.000000	
0.000000	
