0.000000	
0.028107	
0.000000	
0.000000	
0.000000	
0.000000	
0.000000	
0.000000	
0.000000	
0.000000	
0.000000	
0.000000	
0.000000	
0.000000	
0.000000	
0.000000	
0.000000	
0.000000	
0.000000	
0.000000	
0.000000	
0.000000	
0.000000	
0.000000	
0.000000	
0.000000	
0.000000	
0.036846	
0.000000	
0.000000	
0.000000	
0.000000	
0.113723	
0.000000	
0.000000	
0.000000	
0.000000	
0.172509	
0.000000	
0.000000	
0.000000	
0.000000	
0.000000	
0.067455	
0.000000	
0.000000	
0.000000	
0.000000	
0.000000	
0.000000	
0.000000	
0.000000	
0.000000	
0.000000	
0.000000	
0.000000	
0.000000	
0.000000	
0.000000	
0.356090	
-0.000000	
0.000000	
0.000000	
0.049690	
0.000000	
0.000000	
-0.000000	
0.000000	
0.000000	
0.175581	
0.000000	
0.000000	
-0.000000	
0.000000	
0.000000	
0.000000	
0.000000	
0.000000	
0.000000	
0.000000	
0.000000	
0.000000	
0.000000	
0.000000	
0.000000	
0.000000	
0.000000	
0.000000	
0.000000	
