0.000000	
0.007433	
0.000000	
0.000000	
0.000000	
0.000000	
0.000000	
0.000000	
0.000000	
0.000000	
0.000000	
0.000000	
0.000000	
0.000000	
0.000000	
0.000000	
0.000000	
0.000000	
0.026239	
0.000000	
0.000000	
0.000000	
0.000000	
0.000000	
0.000000	
-0.000000	
0.000000	
0.011968	
0.000000	
0.000000	
0.000000	
0.000000	
0.087162	
0.000000	
0.000000	
0.000000	
0.000000	
0.207929	
0.000000	
0.000000	
0.000000	
0.000000	
0.000000	
0.061810	
0.000000	
-0.000000	
0.000000	
0.000000	
0.000000	
0.000000	
0.000000	
0.000000	
0.000000	
0.000000	
0.000000	
0.000000	
0.000000	
0.000000	
0.000000	
0.355079	
0.000000	
0.000000	
0.000000	
0.035095	
0.000000	
0.000000	
0.000000	
-0.000000	
0.000000	
0.207286	
0.000000	
0.000000	
0.000000	
0.000000	
-0.000000	
0.000000	
0.000000	
0.000000	
0.000000	
0.000000	
0.000000	
0.000000	
0.000000	
0.000000	
0.000000	
0.000000	
-0.000000	
0.000000	
0.000000	
