0.000000	
0.000000	
0.000000	
0.000000	
0.000000	
0.000000	
0.000000	
0.028315	
0.084108	
0.000000	
0.000000	
0.000000	
0.000000	
0.000000	
0.000000	
0.000000	
0.029643	
0.000000	
0.000000	
0.000000	
0.000000	
0.000000	
0.000000	
0.000000	
0.000000	
0.000000	
0.000000	
0.041165	
0.050313	
0.000000	
0.000000	
0.000000	
0.098534	
0.000000	
0.000000	
0.000000	
0.000000	
0.263981	
0.000000	
0.000000	
0.000000	
0.000000	
0.000000	
0.005293	
0.000000	
0.000000	
0.000000	
0.000000	
0.000000	
0.000000	
0.000000	
0.000000	
0.000000	
0.000000	
0.000000	
0.000000	
0.000000	
0.000000	
0.000000	
0.237775	
0.000000	
0.000000	
0.000000	
0.034193	
0.000000	
0.000000	
0.000000	
0.000000	
0.000000	
0.062032	
0.000000	
0.022177	
0.000000	
0.000000	
0.000000	
0.000000	
0.000000	
0.000000	
0.000000	
0.000000	
0.000000	
0.000000	
0.000000	
0.000000	
0.000000	
0.000000	
0.042471	
0.000000	
0.000000	
