0.000000	
0.000000	
-0.000000	
0.000000	
0.000000	
0.000000	
0.000000	
0.064826	
0.211647	
0.000000	
0.000000	
0.000000	
0.000000	
0.005759	
0.000000	
0.000000	
0.053522	
0.000000	
0.000000	
0.000000	
0.000000	
0.000000	
0.000000	
0.000000	
0.000000	
0.000000	
0.000000	
0.000000	
0.055494	
0.000000	
0.031140	
0.000000	
0.111548	
0.000000	
0.000000	
0.000000	
0.000000	
0.263337	
0.000000	
0.000000	
0.000000	
0.000000	
0.000000	
0.008031	
0.000000	
0.000000	
0.000000	
0.000000	
0.000000	
0.000000	
0.027125	
0.000000	
0.000000	
0.000000	
0.000000	
0.000000	
-0.000000	
0.000000	
0.000000	
0.033895	
0.000000	
0.000000	
0.000000	
0.074953	
0.000000	
0.000000	
0.000000	
0.000000	
0.000000	
-0.000000	
-0.000000	
0.016822	
0.000000	
0.000000	
0.000000	
0.000000	
0.000000	
-0.000000	
0.000000	
0.006918	
0.000000	
0.000000	
0.000000	
0.000000	
-0.000000	
0.000000	
0.034984	
0.000000	
0.000000	
