0.000000	
0.000000	
0.000000	
0.000000	
0.000000	
0.000000	
-0.000000	
0.031664	
0.175060	
0.000000	
0.000000	
0.000000	
0.000000	
0.000000	
0.000000	
0.000000	
0.028118	
0.000000	
0.000000	
0.000000	
0.000000	
0.000000	
0.000000	
0.000000	
0.000000	
0.000000	
0.000000	
0.000000	
0.027004	
0.000000	
0.022470	
0.000000	
0.077351	
0.000000	
0.000000	
0.000000	
0.000000	
0.243200	
0.000000	
0.000000	
0.000000	
0.000000	
-0.000000	
0.023990	
0.000000	
0.000000	
0.000000	
0.000000	
0.000000	
0.000000	
0.000000	
0.000000	
0.000000	
0.000000	
0.000000	
0.000000	
0.000000	
0.000000	
0.000000	
0.035076	
0.000000	
0.000000	
0.000000	
0.077755	
0.000000	
0.000000	
0.000000	
0.000000	
0.000000	
0.141857	
0.000000	
0.032082	
0.000000	
0.000000	
0.000000	
0.000000	
0.000000	
0.000000	
0.000000	
0.000000	
0.000000	
0.000000	
0.000000	
0.000000	
0.000000	
0.000000	
0.084374	
0.000000	
0.000000	
