0.000000	
0.000000	
0.000000	
0.000000	
0.000000	
0.000000	
0.000000	
0.000000	
0.009957	
0.000000	
0.000000	
0.000000	
0.000000	
0.060202	
0.000000	
0.000000	
0.075963	
0.000000	
0.000000	
0.000000	
0.000000	
0.000000	
0.046412	
0.000000	
0.000000	
0.000000	
0.000000	
0.000000	
0.058302	
0.000000	
0.037404	
0.000000	
0.100054	
0.000000	
0.000000	
0.000000	
0.000000	
0.247189	
0.037505	
0.000000	
0.000000	
0.000000	
0.000000	
0.000000	
0.000000	
0.000000	
0.000000	
0.000000	
0.000000	
0.000000	
0.016594	
0.000000	
0.000000	
0.000000	
0.000000	
0.000000	
0.000000	
0.000000	
0.000000	
0.235161	
0.000000	
0.000000	
0.000000	
0.046355	
0.000000	
0.002620	
0.000000	
0.000000	
0.000000	
0.000000	
0.000000	
0.008183	
0.000000	
0.000000	
0.000000	
0.000000	
0.000000	
0.000000	
0.000000	
0.000000	
0.000000	
0.000000	
0.000000	
0.000000	
0.018098	
0.000000	
0.000000	
0.000000	
0.000000	
