0.000000	
0.000000	
0.000000	
0.000000	
0.000000	
0.000000	
0.000000	
0.000824	
0.020308	
0.000000	
0.000000	
0.000000	
0.000000	
0.026115	
-0.000000	
0.000000	
0.071617	
0.000000	
0.000000	
0.000000	
0.000000	
0.000000	
0.000000	
0.000000	
0.000000	
0.000000	
0.000000	
0.000000	
0.057357	
0.000000	
0.029970	
0.000000	
0.122750	
0.000000	
0.000000	
-0.000000	
0.000000	
0.244944	
0.002513	
0.000000	
0.000000	
0.000000	
-0.000000	
0.000000	
0.000000	
0.000000	
0.000000	
0.000000	
0.000000	
0.000000	
0.004686	
0.000000	
0.000000	
0.000000	
0.000000	
0.000000	
0.000000	
0.000000	
0.000000	
0.259450	
0.000000	
0.000000	
0.000000	
0.076926	
0.000000	
0.034683	
0.000000	
0.000000	
0.000000	
0.000000	
0.000000	
0.010140	
0.000000	
0.000000	
0.000000	
0.000000	
0.000000	
0.000000	
0.000000	
0.007134	
0.000000	
0.000000	
0.000000	
0.000000	
0.030583	
0.000000	
0.000000	
0.000000	
0.000000	
