0.036541	
0.000000	
0.024337	
0.015511	
0.001046	
0.003138	
0.000000	
0.010430	
0.000000	
0.008392	
0.000000	
0.019935	
0.005035	
0.000000	
0.003426	
0.042182	
0.009953	
0.002165	
0.002065	
0.039707	
0.021398	
0.040148	
0.000461	
0.018363	
0.000000	
0.035015	
0.003302	
0.000000	
0.013833	
0.009975	
0.049228	
0.014650	
0.016930	
0.042755	
0.000000	
0.040029	
0.004351	
0.004480	
0.014476	
0.020771	
0.019409	
-0.000000	
0.020090	
0.000000	
0.017091	
0.000000	
0.005798	
0.024222	
0.004098	
0.020370	
0.006144	
0.009363	
0.020526	
0.015593	
0.018984	
0.031539	
0.000000	
0.007290	
0.008738	
0.005515	
0.023175	
0.003343	
0.006128	
0.013625	
0.000000	
0.014589	
0.005695	
0.000000	
0.020827	
0.021928	
0.001385	
0.000000	
0.013041	
0.014108	
0.010220	
0.018831	
0.002981	
0.004310	
0.006811	
0.007525	
0.002680	
0.000000	
