0.028153	
0.000000	
0.022833	
0.016789	
0.000000	
0.007029	
0.000000	
0.017738	
0.002968	
0.008567	
0.001648	
0.021196	
0.004232	
0.000000	
0.003791	
0.039189	
0.015726	
0.002450	
0.007034	
0.043985	
0.018245	
0.042156	
0.001174	
0.015672	
0.000318	
0.033777	
0.006720	
0.000083	
0.013575	
0.007747	
0.039457	
0.015287	
0.012825	
0.042373	
0.000000	
0.028652	
0.008734	
0.006737	
0.012027	
0.024690	
0.019485	
0.000000	
0.015403	
0.000000	
0.013113	
0.000000	
0.007969	
0.024102	
0.004797	
0.018442	
0.005864	
0.006768	
0.028414	
0.009802	
0.016952	
0.029999	
0.000000	
0.008096	
0.006835	
0.014692	
0.022629	
0.005978	
0.006881	
0.007698	
0.000000	
0.014766	
0.004490	
0.000000	
0.018722	
0.023754	
0.002135	
0.000000	
0.017555	
0.011779	
0.009227	
0.019567	
0.006950	
0.002303	
0.010512	
0.004977	
0.005767	
0.000000	
