0.028648	
0.000788	
0.019550	
0.014037	
0.001500	
0.006916	
0.000601	
0.017641	
0.004860	
0.008305	
0.002804	
0.022008	
0.003507	
0.000000	
0.004929	
0.034642	
0.014694	
0.003880	
0.006951	
0.038069	
0.017304	
0.040439	
0.002822	
0.014727	
0.002789	
0.031078	
0.007485	
0.000183	
0.012435	
0.009086	
0.039667	
0.015627	
0.013880	
0.039804	
0.001717	
0.027791	
0.009820	
0.008031	
0.013295	
0.026335	
0.018322	
0.000677	
0.015019	
0.000217	
0.014262	
0.000000	
0.006915	
0.022106	
0.007816	
0.019293	
0.006159	
0.007379	
0.027576	
0.009299	
0.022701	
0.029047	
0.000000	
0.008472	
0.009755	
0.016619	
0.021638	
0.004298	
0.007074	
0.007877	
0.000000	
0.014779	
0.002397	
0.000000	
0.018476	
0.023679	
0.000864	
0.000000	
0.018447	
0.011504	
0.008060	
0.018144	
0.008436	
0.003139	
0.009841	
0.004617	
0.006450	
0.000000	
