0.000000	
0.000000	
0.455293	
-0.000000	
0.000000	
0.000000	
0.330558	
0.000000	
0.000000	
0.000000	
0.000000	
0.135618	
0.000000	
-0.000000	
0.061747	
-0.000000	
0.000000	
0.000000	
0.016785	
0.000000	
0.000000	
0.000000	
0.000000	
-0.000000	
-0.000000	
0.000000	
0.000000	
0.000000	
-0.000000	
-0.000000	
0.000000	
0.000000	
-0.000000	
-0.000000	
-0.000000	
0.000000	
0.000000	
-0.000000	
-0.000000	
0.000000	
0.000000	
-0.000000	
0.000000	
0.000000	
0.000000	
0.000000	
-0.000000	
0.000000	
-0.000000	
-0.000000	
0.000000	
0.000000	
-0.000000	
0.000000	
-0.000000	
0.000000	
