0.000000	
0.000000	
0.545721	
0.000000	
0.000000	
0.000000	
0.212413	
0.000000	
0.000000	
0.000000	
0.000000	
0.094629	
0.000000	
0.000000	
0.000000	
0.000000	
0.000000	
0.000000	
0.096801	
0.000000	
0.000000	
0.000000	
0.000000	
0.000000	
0.000000	
0.000000	
0.000000	
0.000000	
0.000000	
0.000000	
0.000000	
0.000000	
0.000000	
0.000000	
0.000000	
0.050436	
0.000000	
0.000000	
0.000000	
0.000000	
0.000000	
0.000000	
0.000000	
0.000000	
0.000000	
0.000000	
0.000000	
0.000000	
0.000000	
0.000000	
0.000000	
0.000000	
0.000000	
0.000000	
0.000000	
0.000000	
