0.000000	
0.000000	
0.616618	
0.011696	
0.000000	
0.000000	
0.208121	
0.000000	
0.000000	
0.000000	
0.000000	
0.086382	
0.000000	
0.000000	
0.000000	
0.000000	
0.000000	
0.000000	
0.077184	
0.000000	
0.000000	
0.000000	
0.000000	
0.000000	
0.000000	
0.000000	
0.000000	
0.000000	
0.000000	
0.000000	
0.000000	
0.000000	
0.000000	
0.000000	
0.000000	
0.000000	
0.000000	
0.000000	
0.000000	
0.000000	
0.000000	
0.000000	
0.000000	
0.000000	
0.000000	
0.000000	
0.000000	
0.000000	
0.000000	
0.000000	
0.000000	
0.000000	
0.000000	
0.000000	
0.000000	
0.000000	
