0.000000	
0.000000	
0.504483	
0.000000	
0.000000	
0.000000	
0.304463	
0.000000	
0.000000	
0.000000	
0.000000	
0.121797	
0.000000	
0.000000	
0.025271	
0.000000	
0.000000	
0.000000	
0.008610	
0.000000	
0.000000	
0.000000	
0.000000	
0.000000	
0.000000	
-0.000000	
0.000000	
0.000000	
0.000000	
0.000000	
0.000000	
0.000000	
0.000000	
0.000000	
0.000000	
0.035377	
0.000000	
0.000000	
0.000000	
0.000000	
0.000000	
0.000000	
0.000000	
0.000000	
0.000000	
0.000000	
0.000000	
0.000000	
0.000000	
0.000000	
0.000000	
0.000000	
0.000000	
0.000000	
0.000000	
0.000000	
