0.027610	
0.000000	
0.091627	
0.105131	
0.000000	
0.000000	
0.287922	
0.000000	
0.000000	
0.000000	
0.000000	
0.167120	
0.000000	
0.000000	
0.000000	
0.000000	
0.000000	
0.014850	
0.005393	
0.000000	
0.000000	
0.000000	
0.000000	
0.000000	
0.000000	
0.000000	
0.000000	
0.000000	
0.000000	
0.000000	
0.000000	
0.000000	
0.000000	
0.254603	
0.000000	
0.045744	
0.000000	
0.000000	
0.000000	
0.000000	
0.000000	
0.000000	
0.000000	
0.000000	
0.000000	
0.000000	
0.000000	
0.000000	
0.000000	
0.000000	
0.000000	
0.000000	
0.000000	
0.000000	
0.000000	
0.000000	
