0.076230	
0.000000	
-0.000000	
0.113798	
0.000000	
-0.000000	
0.032674	
0.000000	
0.000000	
-0.000000	
-0.000000	
0.176989	
0.000000	
0.000000	
0.000000	
0.000000	
0.000000	
0.124713	
0.192737	
-0.000000	
-0.000000	
0.000000	
0.000000	
0.000000	
0.000000	
0.000000	
-0.000000	
0.000000	
0.000000	
-0.000000	
0.000000	
0.000000	
-0.000000	
0.091840	
-0.000000	
0.191020	
-0.000000	
0.000000	
0.000000	
0.000000	
0.000000	
0.000000	
-0.000000	
0.000000	
0.000000	
-0.000000	
0.000000	
0.000000	
0.000000	
0.000000	
-0.000000	
0.000000	
0.000000	
-0.000000	
-0.000000	
0.000000	
