0.129858	
0.000000	
0.000000	
0.120516	
0.000000	
0.000000	
0.016567	
0.000000	
0.000000	
0.000000	
0.000000	
0.213383	
0.000000	
0.000000	
0.000000	
0.000000	
0.000000	
0.077465	
0.184847	
0.000000	
0.000000	
0.000000	
0.000000	
0.000000	
0.000000	
0.000000	
0.000000	
0.000000	
0.000000	
0.000000	
0.000000	
0.000000	
0.000000	
0.000000	
0.000000	
0.257364	
0.000000	
0.000000	
0.000000	
0.000000	
0.000000	
0.000000	
0.000000	
0.000000	
0.000000	
0.000000	
0.000000	
0.000000	
0.000000	
0.000000	
0.000000	
0.000000	
0.000000	
0.000000	
0.000000	
0.000000	
