0.185760	
0.000000	
0.000000	
0.131882	
0.000000	
0.000000	
0.071534	
0.000000	
0.000000	
0.000000	
0.000000	
0.097820	
0.000000	
0.000000	
0.000000	
0.000000	
0.000000	
0.000000	
0.173356	
0.000000	
0.000000	
0.000000	
-0.000000	
0.000000	
0.000000	
0.000000	
0.000000	
0.000000	
0.000000	
0.000000	
0.000000	
0.000000	
0.000000	
0.178273	
0.000000	
0.161375	
0.000000	
0.000000	
0.000000	
0.000000	
0.000000	
0.000000	
0.000000	
0.000000	
0.000000	
0.000000	
0.000000	
0.000000	
0.000000	
0.000000	
0.000000	
0.000000	
0.000000	
0.000000	
0.000000	
0.000000	
