0.038498	
-0.000000	
0.027117	
0.018696	
0.000000	
0.000883	
0.000000	
0.008353	
0.000000	
0.003464	
0.000000	
0.019666	
0.003569	
0.000000	
0.002216	
0.046023	
0.002811	
0.002815	
0.003108	
0.047255	
0.025913	
0.031180	
0.000000	
0.021672	
0.000000	
0.031629	
0.000000	
0.000000	
0.015474	
0.008603	
0.047395	
0.011799	
0.019171	
0.051229	
0.000000	
0.039388	
0.005236	
0.004824	
0.010020	
0.024006	
0.018660	
0.000000	
0.027951	
0.000000	
0.012105	
0.000000	
0.001290	
0.033670	
0.005702	
0.019220	
0.009367	
0.007258	
0.020812	
0.011188	
0.024519	
0.031627	
0.000000	
0.006770	
0.011995	
0.006050	
0.024401	
0.000918	
0.007723	
0.015331	
0.000000	
0.013132	
0.003333	
0.000000	
0.015393	
0.022770	
0.000000	
0.000000	
0.006838	
0.015244	
0.006033	
0.026642	
0.000000	
0.001465	
0.006643	
0.013936	
0.000000	
0.000000	
