0.040308	
-0.000000	
0.027044	
0.017858	
0.000000	
0.000000	
0.000000	
0.008931	
0.000000	
0.000858	
0.000000	
0.022476	
0.001221	
-0.000000	
0.000346	
0.048314	
0.001734	
0.000000	
0.002115	
0.049567	
0.026444	
0.030924	
0.000000	
0.023021	
0.000000	
0.031649	
0.000000	
0.000000	
0.018209	
0.010046	
0.053022	
0.012572	
0.019032	
0.052554	
0.000000	
0.045649	
0.003183	
0.004289	
0.009577	
0.027132	
0.018961	
0.000000	
0.017949	
0.000000	
0.013629	
0.000000	
0.000000	
0.039449	
0.004993	
0.023609	
0.008414	
0.005226	
0.022047	
0.010877	
0.020198	
0.033858	
0.000000	
0.006485	
0.009351	
0.002633	
0.028170	
0.000000	
0.004742	
0.016892	
0.000000	
0.011998	
0.003584	
-0.000000	
0.014692	
0.023348	
0.000000	
0.000000	
0.004402	
0.016077	
0.001757	
0.030813	
0.000000	
0.000000	
0.005595	
0.012179	
0.000000	
0.000000	
