0.028467	
0.000000	
0.023641	
0.016031	
0.000000	
0.006611	
0.000765	
0.016765	
0.002737	
0.009200	
0.000185	
0.021788	
0.003388	
0.000000	
0.005140	
0.039383	
0.013901	
0.001922	
0.004831	
0.042674	
0.019145	
0.044259	
0.001743	
0.014465	
0.000000	
0.031955	
0.007522	
0.000469	
0.012445	
0.008156	
0.042151	
0.014609	
0.013816	
0.038080	
0.000000	
0.030527	
0.006669	
0.006124	
0.013482	
0.027773	
0.019997	
0.000000	
0.015006	
0.000000	
0.015280	
0.000000	
0.009690	
0.023162	
0.003828	
0.019484	
0.006515	
0.006188	
0.020075	
0.011670	
0.016089	
0.031258	
0.000000	
0.008410	
0.007681	
0.010172	
0.023137	
0.005735	
0.004191	
0.010336	
0.000000	
0.016449	
0.006955	
-0.000000	
0.020192	
0.024123	
0.002305	
0.000000	
0.018753	
0.013732	
0.011405	
0.018404	
0.006053	
0.004773	
0.005092	
0.006300	
0.006740	
0.000000	
