0.037532	
0.000000	
0.024995	
0.015937	
0.001147	
0.006169	
0.000000	
0.011808	
0.001535	
0.007405	
0.000000	
0.018405	
0.005544	
0.000000	
0.005133	
0.040145	
0.011784	
0.001274	
0.002561	
0.029716	
0.022004	
0.042148	
0.001026	
0.016484	
0.000000	
0.036085	
0.005560	
0.000512	
0.012285	
0.009725	
0.045811	
0.014129	
0.015921	
0.037405	
0.000000	
0.038228	
0.005475	
0.005679	
0.016750	
0.025097	
0.020002	
0.000000	
0.018792	
0.000000	
0.017760	
0.000000	
0.008110	
0.016175	
0.004700	
0.020693	
0.005148	
0.007676	
0.020538	
0.013514	
0.021410	
0.030233	
0.000000	
0.007841	
0.006233	
0.004425	
0.024605	
0.003585	
0.005706	
0.014689	
0.000000	
0.015808	
0.007621	
0.000000	
0.020888	
0.023005	
0.000829	
0.000000	
0.018503	
0.014007	
0.012399	
0.019329	
0.004000	
0.004851	
0.005145	
0.005595	
0.004773	
0.000000	
