0.030354	
0.000000	
0.024534	
0.016797	
0.000000	
0.007108	
0.000000	
0.015280	
0.002474	
0.008647	
0.000000	
0.020851	
0.005626	
0.000000	
0.005358	
0.039327	
0.012344	
0.002584	
0.004540	
0.040910	
0.019538	
0.041315	
0.001518	
0.016943	
0.000000	
0.031609	
0.007359	
0.002415	
0.013578	
0.010074	
0.041720	
0.014923	
0.014637	
0.036693	
0.000000	
0.035767	
0.007631	
0.006618	
0.013837	
0.022028	
0.020701	
0.000000	
0.015594	
0.000607	
0.015620	
0.000000	
0.009868	
0.018509	
0.004778	
0.018649	
0.005885	
0.007078	
0.021516	
0.014390	
0.016176	
0.032616	
0.000000	
0.008445	
0.007573	
0.006470	
0.024261	
0.005125	
0.006273	
0.012987	
0.000000	
0.016716	
0.008168	
0.000000	
0.020419	
0.022060	
0.001349	
0.000000	
0.016519	
0.013525	
0.010364	
0.018283	
0.004680	
0.003201	
0.004209	
0.005763	
0.006685	
0.000000	
