0.029017	
0.000000	
0.021031	
0.013766	
0.000233	
0.006578	
0.000432	
0.017510	
0.004770	
0.009275	
0.003638	
0.021535	
0.002549	
0.000000	
0.004805	
0.034224	
0.016095	
0.004179	
0.006629	
0.042141	
0.016829	
0.040415	
0.002560	
0.015369	
0.001575	
0.030318	
0.006004	
0.000000	
0.013118	
0.009011	
0.040864	
0.016089	
0.013042	
0.039201	
0.000265	
0.027528	
0.011031	
0.008346	
0.013602	
0.026231	
0.018539	
0.002065	
0.015244	
0.001112	
0.014888	
0.000000	
0.007501	
0.024884	
0.007619	
0.020073	
0.005156	
0.007707	
0.030090	
0.007558	
0.024437	
0.030735	
0.000000	
0.008257	
0.008498	
0.014427	
0.021820	
0.003303	
0.006848	
0.007437	
0.000000	
0.014277	
0.001268	
0.000000	
0.019009	
0.022298	
0.000657	
0.000000	
0.016850	
0.011455	
0.007528	
0.018923	
0.007647	
0.002394	
0.011522	
0.003046	
0.005121	
0.000000	
