0.029008	
0.000000	
0.020718	
0.014071	
0.000000	
0.006643	
0.000375	
0.017464	
0.004755	
0.009382	
0.003672	
0.022099	
0.002696	
0.000000	
0.005154	
0.034170	
0.016836	
0.004225	
0.006870	
0.039551	
0.016773	
0.040898	
0.002780	
0.015737	
0.001556	
0.030289	
0.006370	
0.000187	
0.013148	
0.009293	
0.040797	
0.016012	
0.012732	
0.039174	
0.001034	
0.026820	
0.010285	
0.008551	
0.013923	
0.026225	
0.018807	
0.002026	
0.015451	
0.000612	
0.015224	
0.000000	
0.007485	
0.024242	
0.008059	
0.019268	
0.005116	
0.007569	
0.028992	
0.007825	
0.025011	
0.030955	
0.000000	
0.008389	
0.009175	
0.014336	
0.021817	
0.003282	
0.006795	
0.007437	
0.000000	
0.014682	
0.000160	
0.000000	
0.018977	
0.022105	
0.000165	
0.000000	
0.016329	
0.011541	
0.008301	
0.018883	
0.008088	
0.002697	
0.011288	
0.003164	
0.005473	
0.000000	
