0.026219	
0.003589	
0.024158	
0.016780	
0.001955	
0.007626	
0.001370	
0.017401	
0.006045	
0.012069	
0.005013	
0.021016	
0.001788	
0.002539	
0.006812	
0.032289	
0.013878	
0.004772	
0.009718	
0.042363	
0.016314	
0.038693	
0.003988	
0.015796	
0.000766	
0.028449	
0.005870	
0.002889	
0.017240	
0.010091	
0.038856	
0.017138	
0.010906	
0.036598	
0.000474	
0.026932	
0.010149	
0.010609	
0.014671	
0.024440	
0.017221	
0.005366	
0.017757	
0.001686	
0.015271	
0.001203	
0.008449	
0.027233	
0.007037	
0.022933	
0.004427	
0.008320	
0.027820	
0.008492	
0.021133	
0.027534	
0.000000	
0.010061	
0.009613	
0.009233	
0.019805	
0.001393	
0.007125	
0.009370	
0.000000	
0.012608	
0.003151	
0.000000	
0.018679	
0.016989	
0.002864	
0.000000	
0.012951	
0.011247	
0.005639	
0.015682	
0.006842	
0.000868	
0.008848	
0.001623	
0.005256	
0.000000	
