0.012182	
0.010065	
0.029398	
0.001873	
0.000195	
0.011961	
0.025803	
0.007618	
0.000914	
0.005356	
0.010681	
0.000788	
0.015700	
0.012477	
0.010892	
0.009807	
0.016083	
0.016133	
0.000000	
0.013821	
0.017396	
0.005882	
0.013020	
0.005081	
0.007853	
0.009123	
0.015580	
0.016361	
0.020234	
0.004988	
0.018546	
0.017508	
0.000000	
0.016935	
0.012709	
0.015412	
0.012937	
0.005823	
0.014029	
0.005710	
0.002805	
0.006569	
0.000000	
0.002654	
0.000000	
0.024134	
0.018962	
0.000000	
0.016973	
0.008622	
0.015598	
0.000000	
0.000000	
0.008385	
0.003013	
0.017799	
0.019983	
0.021343	
0.008632	
0.010033	
0.012159	
0.017808	
0.000000	
0.038956	
0.038748	
0.015310	
0.008695	
0.012815	
0.016108	
0.018282	
0.011480	
0.030815	
0.013535	
0.027413	
0.012944	
0.014593	
0.005731	
0.002036	
0.016844	
0.013593	
0.014125	
0.006668	
0.001061	
0.001140	
0.016764	
