0.012704	
0.009006	
0.037810	
0.000000	
0.000000	
0.012460	
0.029803	
0.006491	
0.000172	
0.004043	
0.008953	
0.000000	
0.014874	
0.012710	
0.011926	
0.007439	
0.016841	
0.016037	
0.000000	
0.013071	
0.017174	
0.005977	
0.012210	
0.004077	
0.005878	
0.009459	
0.015725	
0.016156	
0.021285	
0.000000	
0.020997	
0.018288	
0.000000	
0.016823	
0.009583	
0.015477	
0.014786	
0.005191	
0.015573	
0.002478	
0.000596	
0.007439	
0.000124	
0.000000	
0.001136	
0.021503	
0.020297	
0.000000	
0.017313	
0.000000	
0.012989	
0.003720	
0.000118	
0.005699	
0.000000	
0.019337	
0.018961	
0.025307	
0.005631	
0.000840	
0.012343	
0.019245	
0.000000	
0.043353	
0.049602	
0.013962	
0.009165	
0.013896	
0.017190	
0.023559	
0.009262	
0.038204	
0.012487	
0.032239	
0.015320	
0.015815	
0.003372	
0.000000	
0.018556	
0.011864	
0.013979	
0.005573	
0.000000	
0.000000	
0.018524	
