0.010323	
0.010398	
0.030912	
0.000826	
0.000826	
0.011529	
0.026097	
0.008927	
0.000000	
0.004810	
0.011341	
0.002627	
0.016136	
0.011989	
0.010319	
0.009316	
0.015349	
0.015683	
0.000000	
0.013145	
0.015790	
0.004838	
0.014629	
0.005492	
0.006986	
0.007779	
0.015906	
0.015189	
0.018655	
0.006408	
0.017147	
0.017395	
0.002920	
0.017083	
0.014917	
0.014945	
0.011729	
0.007913	
0.013156	
0.006276	
0.003316	
0.004542	
0.000019	
0.003223	
0.000139	
0.025269	
0.017790	
0.000000	
0.016246	
0.015985	
0.015252	
0.001726	
0.000000	
0.008898	
0.001334	
0.016415	
0.018174	
0.020692	
0.009212	
0.017048	
0.009539	
0.016910	
0.000000	
0.040702	
0.035981	
0.014764	
0.008233	
0.012280	
0.015927	
0.017092	
0.011387	
0.027319	
0.013548	
0.025794	
0.012321	
0.014510	
0.006089	
0.004915	
0.016419	
0.013651	
0.012704	
0.007676	
0.000751	
0.002326	
0.018172	
