0.012364	
0.008915	
0.034186	
0.000000	
0.000000	
0.011638	
0.029471	
0.007382	
0.000000	
0.004914	
0.010113	
0.000000	
0.017937	
0.013118	
0.011752	
0.008933	
0.014874	
0.015458	
0.000000	
0.013455	
0.015180	
0.006216	
0.013042	
0.004782	
0.005443	
0.008541	
0.015617	
0.016414	
0.021609	
0.002245	
0.020238	
0.019336	
0.002256	
0.015931	
0.011155	
0.014623	
0.012959	
0.005816	
0.014407	
0.002688	
0.003301	
0.006307	
0.000000	
0.001664	
0.000503	
0.026458	
0.018981	
0.000000	
0.017346	
0.007081	
0.014387	
0.002515	
0.000185	
0.008188	
0.000000	
0.018232	
0.019491	
0.023469	
0.007127	
0.007905	
0.012722	
0.016792	
0.000000	
0.041899	
0.043029	
0.015428	
0.008880	
0.012224	
0.015487	
0.020298	
0.011755	
0.032663	
0.013133	
0.028502	
0.013337	
0.015184	
0.005513	
0.000225	
0.016199	
0.014059	
0.013736	
0.006451	
0.000000	
0.000144	
0.016194	
