0.011624	
0.008713	
0.038560	
0.000000	
0.000000	
0.012150	
0.031283	
0.006205	
0.000000	
0.003846	
0.009505	
0.000007	
0.016252	
0.012297	
0.011924	
0.006888	
0.015976	
0.015840	
0.000000	
0.012437	
0.016214	
0.005169	
0.012935	
0.004845	
0.005519	
0.008127	
0.015866	
0.016781	
0.021127	
0.000000	
0.019848	
0.019079	
0.003003	
0.015034	
0.011218	
0.015354	
0.014101	
0.005311	
0.015080	
0.001811	
0.002048	
0.005965	
0.000241	
0.000000	
0.004167	
0.025631	
0.020474	
0.000000	
0.015679	
0.002443	
0.013210	
0.002104	
0.000219	
0.005927	
0.000000	
0.019803	
0.019465	
0.025885	
0.006311	
0.003298	
0.011490	
0.018559	
0.000000	
0.044587	
0.047008	
0.014497	
0.009210	
0.013280	
0.016374	
0.023262	
0.010420	
0.034518	
0.013295	
0.030496	
0.014876	
0.015931	
0.003650	
0.000000	
0.017701	
0.012290	
0.012698	
0.005794	
0.000000	
0.000004	
0.017261	
