0.000000	
0.000000	
0.000000	
0.000000	
0.000000	
0.000000	
0.000000	
0.000000	
0.000000	
0.000000	
0.000000	
0.000000	
0.000000	
0.092650	
0.000000	
0.000000	
0.000000	
0.000000	
0.015893	
0.000000	
0.000000	
0.000000	
0.058726	
0.000000	
0.000000	
0.000000	
0.000000	
0.000000	
0.000000	
0.101420	
0.000000	
0.000000	
0.117346	
0.000000	
0.000000	
0.000000	
0.000000	
0.246772	
0.000000	
0.000000	
0.000000	
0.000000	
0.000000	
0.069300	
0.000000	
0.000000	
0.000000	
0.000000	
0.000000	
0.000000	
0.000000	
0.000000	
0.000000	
0.000000	
0.000000	
0.000000	
0.000000	
0.000000	
0.000000	
0.297893	
0.000000	
0.000000	
0.000000	
0.000000	
0.000000	
0.000000	
0.000000	
0.000000	
0.000000	
0.000000	
0.000000	
0.000000	
0.000000	
0.000000	
0.000000	
0.000000	
0.000000	
0.000000	
0.000000	
0.000000	
0.000000	
0.000000	
0.000000	
0.000000	
0.000000	
0.000000	
-0.000000	
0.000000	
0.000000	
