0.000000	
0.000000	
0.000000	
0.000000	
0.000000	
0.000000	
0.000000	
0.000000	
0.000000	
0.000000	
0.000000	
0.000000	
0.000000	
0.000000	
0.000000	
0.000000	
0.000000	
0.000000	
0.000000	
0.000000	
0.000000	
0.000000	
0.145023	
-0.000000	
0.000000	
0.000000	
0.003292	
0.000000	
0.000000	
0.062380	
0.000000	
0.000000	
0.067443	
0.000000	
0.000000	
0.000000	
0.000000	
0.292326	
0.000000	
0.000000	
0.000000	
0.000000	
0.000000	
0.101070	
0.000000	
0.000000	
0.000000	
0.000000	
0.000000	
0.000000	
0.000000	
0.000000	
0.000000	
0.000000	
0.000000	
0.000000	
0.000000	
0.000000	
0.000000	
0.221469	
0.000000	
0.000000	
0.000000	
0.000000	
0.000000	
0.055565	
0.000000	
0.000000	
0.000000	
0.032528	
0.000000	
0.018904	
0.000000	
0.000000	
0.000000	
0.000000	
0.000000	
0.000000	
0.000000	
0.000000	
0.000000	
0.000000	
0.000000	
0.000000	
0.000000	
0.000000	
0.000000	
0.000000	
0.000000	
