0.000000	
0.000000	
0.000000	
0.000000	
0.000000	
0.000000	
0.000000	
0.000000	
0.000000	
0.000000	
0.000000	
0.000000	
0.000000	
0.034359	
0.000000	
0.000000	
0.034276	
0.000000	
0.000000	
0.000000	
0.000000	
0.000000	
0.140068	
0.000000	
0.000000	
0.000000	
0.000000	
0.000000	
0.000000	
0.005950	
0.000000	
0.000000	
0.102371	
0.000000	
0.000000	
0.000000	
0.000000	
0.362147	
0.000000	
0.000000	
0.000000	
0.000000	
0.000000	
0.028854	
0.000000	
0.000000	
0.000000	
0.000000	
0.000000	
0.000000	
0.000000	
0.000000	
0.000000	
0.000000	
0.000000	
0.000000	
0.000000	
0.000000	
0.000000	
0.211851	
0.000000	
0.000000	
0.000000	
0.000000	
0.043333	
0.000000	
0.000000	
0.000000	
0.000000	
0.000000	
0.000000	
0.036792	
0.000000	
0.000000	
0.000000	
0.000000	
0.000000	
0.000000	
0.000000	
0.000000	
0.000000	
0.000000	
0.000000	
0.000000	
0.000000	
0.000000	
0.000000	
0.000000	
0.000000	
