0.000000	
0.000000	
0.000000	
0.000000	
0.000000	
0.000000	
0.000000	
0.000000	
0.000000	
0.000000	
0.000000	
0.000000	
0.000000	
0.076839	
0.000000	
0.000000	
0.033155	
0.000000	
0.000000	
0.000000	
0.000000	
0.000000	
0.121077	
0.000000	
0.000000	
0.000000	
0.000000	
0.000000	
0.000000	
0.000000	
0.000000	
0.000000	
0.128284	
0.000000	
0.000000	
0.000000	
0.000000	
0.326523	
0.000000	
0.000000	
0.000000	
0.000000	
0.000000	
0.000000	
0.000000	
0.000000	
0.000000	
0.000000	
0.000000	
0.000000	
0.000000	
0.000000	
0.000000	
0.000000	
0.000000	
0.000000	
0.000000	
0.000000	
0.000000	
0.228876	
0.000000	
0.000000	
0.000000	
0.000000	
0.024555	
0.009834	
0.000000	
0.028572	
0.000000	
0.000000	
0.000000	
0.022286	
0.000000	
0.000000	
0.000000	
0.000000	
0.000000	
0.000000	
0.000000	
0.000000	
0.000000	
0.000000	
0.000000	
0.000000	
0.000000	
0.000000	
0.000000	
0.000000	
0.000000	
