0.000000	
0.000000	
0.000000	
0.000000	
0.000000	
0.000000	
0.000000	
0.000000	
0.000000	
0.000000	
0.000000	
0.000000	
0.000000	
0.000000	
0.000000	
0.000000	
0.016270	
0.000000	
0.000000	
0.000000	
0.000000	
0.000000	
0.148021	
0.000000	
0.000000	
0.000000	
0.000000	
0.000000	
0.000000	
0.075675	
0.000000	
0.000000	
0.098682	
0.000000	
0.000000	
0.000000	
0.000000	
0.343051	
0.000000	
0.000000	
0.000000	
0.000000	
0.000000	
0.063756	
0.000000	
0.000000	
0.000000	
0.000000	
0.000000	
0.000000	
0.000000	
0.000000	
0.000000	
0.000000	
0.000000	
0.000000	
0.000000	
0.000000	
0.000000	
0.177936	
0.000000	
0.000000	
0.000000	
0.000000	
0.041771	
0.000190	
0.000000	
0.000000	
0.000000	
0.000000	
0.000000	
0.034648	
0.000000	
0.000000	
0.000000	
0.000000	
0.000000	
0.000000	
0.000000	
0.000000	
0.000000	
0.000000	
0.000000	
0.000000	
0.000000	
0.000000	
0.000000	
0.000000	
0.000000	
