0.000000	
0.000000	
-0.000000	
0.000000	
0.000000	
-0.000000	
0.000000	
-0.000000	
0.000000	
0.000000	
-0.000000	
0.000000	
0.000000	
0.077463	
-0.000000	
-0.000000	
0.031534	
-0.000000	
-0.000000	
0.000000	
-0.000000	
0.000000	
0.130249	
-0.000000	
-0.000000	
0.000000	
0.000000	
-0.000000	
-0.000000	
-0.000000	
0.000000	
-0.000000	
0.130491	
-0.000000	
0.000000	
0.000000	
0.000000	
0.312746	
0.000000	
0.000000	
-0.000000	
0.000000	
-0.000000	
0.000000	
0.000000	
-0.000000	
0.000000	
0.000000	
0.000000	
-0.000000	
0.000000	
-0.000000	
0.000000	
0.000000	
0.000000	
0.000000	
0.000000	
0.000000	
0.000000	
0.236859	
0.000000	
0.000000	
0.000000	
-0.000000	
0.006074	
0.012860	
-0.000000	
0.039389	
0.000000	
-0.000000	
0.000000	
0.022334	
0.000000	
0.000000	
0.000000	
-0.000000	
-0.000000	
-0.000000	
-0.000000	
-0.000000	
-0.000000	
0.000000	
-0.000000	
0.000000	
0.000000	
0.000000	
0.000000	
0.000000	
-0.000000	
