0.0099541933	
0.0000000000	
0.0014030636	
0.0000000000	
0.0000000000	
0.0067669485	
0.0018220712	
0.0000000000	
0.0047562107	
0.0000000000	
0.0018865238	
0.0000000000	
0.0000000000	
0.0009130336	
0.0000000000	
0.0021844585	
0.0031583139	
0.0000000000	
0.0017147136	
0.0000000000	
0.0015636703	
0.0001118812	
0.0009149756	
0.0006755572	
0.0000000000	
0.0000000000	
0.0000000000	
0.0028012256	
0.0019338743	
0.0009026325	
0.0000000000	
0.0012797703	
0.0026345623	
0.0000000000	
0.0021668227	
0.0000000000	
0.0000139960	
0.0000000000	
0.0045620703	
0.0017249399	
0.0016239667	
0.0020589060	
0.0013424611	
0.0015980899	
0.0000000000	
0.0051426610	
0.0013344148	
0.0025567048	
0.0019609514	
0.0009006639	
0.0000000000	
0.0009103713	
0.0025188023	
0.0005467059	
0.0000000000	
0.0016993130	
0.0041356542	
0.0013608993	
0.0000000000	
0.0034355297	
0.0000000000	
0.0121493615	
0.0000060332	
0.0009615157	
0.0009458195	
0.0000000000	
0.0011700554	
0.0013257439	
0.0044008785	
0.0016345454	
0.0000336705	
0.0000364173	
0.0011159636	
0.0019310649	
0.0031031872	
0.0028288794	
0.0082518736	
0.0020931306	
0.0008056572	
0.0049883196	
0.0000000000	
0.0010539734	
0.0023025745	
0.0000000000	
0.0020920603	
0.0039853860	
0.0129832772	
0.0030333187	
0.0000000000	
0.0002654599	
0.0038211697	
0.0005056375	
0.0066705692	
0.0010213608	
0.0016539244	
0.0088211649	
0.0000000000	
0.0017114155	
0.0002053733	
0.0010075516	
0.0008767902	
0.0059870593	
0.0055522797	
0.0049984580	
0.0005435530	
0.0013935221	
0.0029691956	
0.0003027649	
0.0033549011	
0.0018550804	
0.0016588133	
0.0009718782	
0.0004827541	
-0.0000000000	
0.0032538397	
0.0033982289	
0.0014461794	
0.0007926188	
0.0000000000	
0.0027384891	
0.0086940384	
0.0000000000	
0.0034477727	
0.0007890851	
0.0019430323	
0.0000000000	
0.0043024515	
0.0000244102	
0.0023830953	
0.0029521019	
0.0006884812	
0.0009846365	
0.0042192533	
0.0018921042	
0.0000000000	
0.0015830968	
0.0000000000	
0.0003875427	
0.0000000000	
0.0026654377	
0.0029974818	
0.0021978107	
0.0048377595	
0.0000000000	
0.0028452179	
0.0028583652	
0.0035008911	
0.0123735053	
0.0020368703	
0.0000000000	
0.0018962323	
0.0040108404	
0.0028981272	
-0.0000000000	
0.0002983976	
0.0000851521	
0.0032994334	
0.0009710920	
0.0003580129	
0.0000000000	
0.0000000000	
0.0027611922	
0.0000000000	
0.0056687203	
0.0110949333	
0.0017338526	
0.0015745072	
0.0000000000	
0.0042349029	
0.0049240611	
0.0028986564	
0.0129206039	
0.0026042770	
0.0014334980	
0.0003125170	
0.0038546405	
0.0014126588	
0.0010629053	
0.0028788885	
0.0001589999	
0.0044515489	
0.0015830571	
0.0031507667	
0.0027821195	
0.0016098821	
0.0024917841	
0.0008959916	
0.0016984963	
0.0000000000	
0.0017279428	
0.0106638944	
0.0056003635	
0.0032357624	
0.0000941258	
0.0000000000	
0.0031090835	
0.0002675600	
0.0000000000	
0.0031361634	
0.0000000000	
0.0037400020	
0.0013543802	
0.0003567985	
0.0018316378	
0.0070801267	
0.0000000000	
0.0025422221	
0.0015335450	
0.0067276442	
0.0000000000	
0.0052938306	
0.0000000000	
0.0030153931	
0.0054431446	
0.0077644752	
0.0053230169	
0.0024343152	
0.0007204529	
0.0022610011	
0.0035530798	
0.0010060204	
0.0000000000	
0.0036425556	
0.0012828258	
0.0043388189	
0.0039240883	
0.0004842274	
0.0000000000	
0.0053526852	
0.0000420032	
0.0001046377	
0.0012459060	
0.0008364407	
0.0019239440	
0.0017743226	
0.0002026823	
0.0070797798	
0.0011830430	
0.0001740231	
0.0029923668	
0.0018906530	
0.0026120143	
0.0000000000	
0.0019296849	
0.0011221049	
0.0012085626	
0.0006119579	
0.0034741584	
0.0018050009	
0.0065243804	
0.0017451558	
0.0026303101	
0.0000000000	
0.0027879821	
0.0000000000	
0.0035884845	
0.0012012741	
0.0007368492	
0.0000000000	
0.0009433471	
0.0033826942	
0.0060046512	
0.0004880844	
0.0022921773	
0.0000000000	
0.0026383188	
0.0001148741	
0.0000000000	
0.0051421801	
0.0032633184	
0.0065609326	
0.0009643372	
0.0021877476	
0.0024582539	
0.0000000000	
0.0036944346	
0.0008849791	
0.0035590419	
0.0014292647	
0.0017873132	
0.0063331945	
0.0016127769	
0.0007243954	
0.0037540334	
0.0024757270	
0.0016395317	
0.0000000000	
0.0031435824	
0.0043159344	
0.0019197316	
0.0039007285	
0.0009566403	
0.0025569086	
0.0004058022	
0.0025771038	
0.0001439903	
0.0000000000	
0.0049364800	
0.0000000000	
0.0032532181	
0.0000000000	
0.0083415900	
0.0008760590	
0.0017984797	
0.0022523333	
0.0001993185	
0.0004999530	
0.0007334670	
0.0017168225	
0.0035535066	
0.0000000000	
0.0014094761	
0.0074110189	
0.0000000000	
0.0003747453	
0.0040230397	
0.0016662954	
0.0059818225	
0.0045016909	
0.0036114336	
0.0000000000	
0.0028675586	
0.0021334690	
0.0019883538	
0.0011654006	
0.0000000000	
0.0002177585	
0.0002669504	
0.0021593695	
0.0041460792	
0.0026209599	
0.0064783926	
0.0039387776	
0.0005736450	
0.0059080549	
0.0050071972	
0.0012839558	
0.0048356204	
0.0000000000	
0.0038515401	
0.0031230198	
0.0066966256	
0.0030309728	
0.0009879177	
0.0021049995	
0.0053285465	
-0.0000000000	
0.0040256944	
0.0029249504	
0.0007901039	
0.0084347830	
0.0038123614	
0.0000000000	
0.0017243295	
0.0046115922	
0.0015782915	
0.0031480793	
0.0009333259	
0.0014238329	
0.0026253794	
0.0025723128	
0.0041355047	
0.0006357769	
0.0028800152	
0.0024690051	
0.0027007469	
0.0005028360	
0.0005709434	
0.0000986412	
0.0010321896	
0.0031714175	
0.0031528662	
0.0044381173	
0.0000206205	
0.0045759110	
0.0026295262	
0.0000000000	
0.0060520677	
0.0013314594	
0.0003219198	
0.0069951720	
0.0052629390	
0.0052025617	
0.0005257896	
0.0000000000	
0.0013934385	
0.0015220574	
0.0000000000	
0.0023480096	
0.0000000000	
0.0039010238	
0.0023666379	
0.0000000000	
0.0000000000	
0.0020667658	
0.0078696336	
0.0000000000	
0.0000000000	
0.0000000000	
0.0031359040	
0.0000000000	
0.0000000000	
0.0034875873	
0.0002734772	
0.0028318832	
0.0018838747	
0.0073144687	
0.0034726788	
0.0069635822	
0.0043990733	
0.0031780333	
0.0047990502	
0.0030908264	
0.0047314070	
0.0006202885	
0.0088358928	
0.0003751749	
0.0011793271	
0.0053589549	
0.0015995106	
0.0005986446	
0.0002826827	
0.0027268221	
0.0000000000	
0.0008985642	
0.0000000000	
0.0072616158	
0.0000000000	
0.0027289377	
0.0037523845	
0.0022886006	
0.0000000000	
0.0041319544	
0.0040078981	
0.0038556175	
0.0037945598	
0.0020715757	
0.0000000000	
0.0054430437	
0.0006147552	
0.0011139654	
0.0006583662	
