0.0078733453	
0.0000147849	
0.0014192738	
0.0002395122	
0.0000000000	
0.0062544401	
0.0019123340	
0.0006848176	
0.0043454553	
0.0006107994	
0.0019076570	
0.0003627571	
0.0003469779	
0.0012100674	
0.0000000000	
0.0020556377	
0.0027504823	
0.0014418427	
0.0021099031	
0.0001947215	
0.0019383845	
0.0005927926	
0.0020962398	
0.0012984410	
0.0005425299	
0.0000833301	
0.0000000000	
0.0039266957	
0.0022199916	
0.0015765297	
0.0009412142	
0.0022142318	
0.0026383611	
0.0009953594	
0.0029258962	
0.0000000000	
0.0005269996	
0.0003030445	
0.0033321646	
0.0026198055	
0.0018981726	
0.0026264606	
0.0013320687	
0.0016080757	
0.0000000000	
0.0053322044	
0.0018505437	
0.0028884653	
0.0021162849	
0.0010845668	
0.0000198914	
0.0018016141	
0.0020598121	
0.0012654417	
0.0011663602	
0.0018944562	
0.0039726998	
0.0019175879	
0.0003770573	
0.0037934860	
0.0009396777	
0.0097630710	
0.0006725021	
0.0016419973	
0.0007185023	
0.0002018509	
0.0010730454	
0.0032605549	
0.0040083966	
0.0021606816	
0.0008625526	
0.0012712310	
0.0017410545	
0.0024222752	
0.0023393560	
0.0021157505	
0.0070760699	
0.0032411759	
0.0009479886	
0.0036489534	
0.0007652101	
0.0014794337	
0.0018145619	
0.0006486201	
0.0015122299	
0.0029669330	
0.0101708307	
0.0033481701	
0.0004284192	
0.0007885993	
0.0039953698	
0.0010795518	
0.0050251052	
0.0006287978	
0.0015865620	
0.0103264153	
0.0002193708	
0.0022737380	
0.0008208477	
0.0012479254	
0.0010073951	
0.0045491642	
0.0044932034	
0.0047815309	
0.0007672022	
0.0017251612	
0.0023089957	
0.0009090492	
0.0026985240	
0.0015465731	
0.0015504361	
0.0013286480	
0.0007528612	
0.0000000000	
0.0033947162	
0.0032516722	
0.0020057432	
0.0010121674	
0.0000000000	
0.0027422920	
0.0081919803	
0.0005508961	
0.0027248937	
0.0017804913	
0.0015927071	
0.0000397742	
0.0033071848	
0.0007626893	
0.0021101389	
0.0026049282	
0.0021640691	
0.0021332036	
0.0045854150	
0.0019486784	
0.0011309079	
0.0018264295	
0.0004069853	
0.0004068900	
0.0000000000	
0.0036127401	
0.0025320924	
0.0013510823	
0.0041744086	
0.0016230368	
0.0023221047	
0.0027804978	
0.0022374175	
0.0103423244	
0.0033420985	
0.0000000000	
0.0027690509	
0.0032178290	
0.0024618150	
0.0000000000	
0.0006451344	
0.0010621347	
0.0038093806	
0.0018306852	
0.0004960178	
0.0004031399	
0.0000000000	
0.0024148440	
0.0001777581	
0.0038599136	
0.0089714708	
0.0020244200	
0.0025142205	
0.0003485181	
0.0034398834	
0.0038343377	
0.0030189132	
0.0091615400	
0.0021928927	
0.0017880389	
0.0011763648	
0.0036879254	
0.0018953416	
0.0026188921	
0.0010426387	
0.0010553680	
0.0057397806	
0.0020406688	
0.0029497134	
0.0001707410	
0.0021851672	
0.0026256295	
0.0009205659	
0.0022201594	
0.0003246242	
0.0018799382	
0.0091873254	
0.0049681922	
0.0038186914	
0.0005253375	
0.0000000000	
0.0030832798	
0.0008420361	
0.0001724825	
0.0028538366	
0.0003340318	
0.0038457628	
0.0016775184	
0.0008689452	
0.0019889146	
0.0056919846	
0.0006252494	
0.0023861460	
0.0022166375	
0.0041553666	
0.0000056561	
0.0048433831	
0.0001658405	
0.0014940342	
0.0052775688	
0.0062473832	
0.0043227609	
0.0022120734	
0.0007588363	
0.0019553586	
0.0036288150	
0.0005835552	
0.0001991198	
0.0031872793	
0.0018360246	
0.0040037397	
0.0021983021	
0.0006260718	
0.0008265418	
0.0037838931	
0.0015575760	
0.0008181508	
0.0017167380	
0.0020515245	
0.0016968384	
0.0016223079	
0.0007271495	
0.0056301421	
0.0012718953	
0.0002259532	
0.0032054696	
0.0022384727	
0.0027798877	
0.0000000000	
0.0023015786	
0.0015628695	
0.0007291487	
0.0008288720	
0.0028146335	
0.0021170823	
0.0053852576	
0.0016798485	
0.0026003334	
0.0009357125	
0.0034104822	
0.0000000000	
0.0043840275	
0.0011673760	
0.0012703626	
0.0000000000	
0.0020820674	
0.0038616565	
0.0037805232	
0.0013026582	
0.0025124149	
0.0010054044	
0.0021720895	
0.0020015750	
0.0007119635	
0.0043053919	
0.0027396594	
0.0047121288	
0.0017508108	
0.0029427719	
0.0023145000	
0.0000000000	
0.0018478756	
0.0014733740	
0.0023110900	
0.0026807326	
0.0016086946	
0.0053597913	
0.0012283246	
0.0015824763	
0.0039633985	
0.0020273198	
0.0023199838	
0.0000000000	
0.0033894584	
0.0036297394	
0.0023071764	
0.0032044871	
0.0016232718	
0.0021818544	
0.0011214053	
0.0018911093	
0.0010621148	
0.0000000000	
0.0053650416	
0.0000000000	
0.0029094672	
0.0000000000	
0.0058746404	
0.0027465755	
0.0018833147	
0.0036707198	
0.0015678933	
0.0012298257	
0.0013805641	
0.0014997165	
0.0034611017	
0.0003122790	
0.0023780469	
0.0054326250	
0.0002483168	
0.0008753910	
0.0039771698	
0.0020687658	
0.0066800070	
0.0040191028	
0.0026249946	
0.0003841069	
0.0034476663	
0.0026311376	
0.0016369467	
0.0015110355	
0.0001967264	
0.0014137990	
0.0006255784	
0.0045894664	
0.0052946048	
0.0027721731	
0.0057022016	
0.0040841969	
0.0011911855	
0.0050987857	
0.0040060101	
0.0016230812	
0.0027218503	
0.0001596366	
0.0033255815	
0.0019782448	
0.0052220933	
0.0035106845	
0.0013637336	
0.0008071940	
0.0056043527	
0.0000000000	
0.0035752897	
0.0026578953	
0.0006631224	
0.0058283533	
0.0036828486	
0.0003282218	
0.0026326603	
0.0036749222	
0.0018733718	
0.0029401819	
0.0010297308	
0.0019181923	
0.0023703193	
0.0032275322	
0.0041321072	
0.0013804638	
0.0024125031	
0.0017911099	
0.0024719710	
0.0014395951	
0.0004712728	
0.0003770207	
0.0031340977	
0.0027346805	
0.0022919665	
0.0052935849	
0.0000000000	
0.0039144007	
0.0030138027	
0.0000297606	
0.0048484800	
0.0009835736	
0.0006959159	
0.0058389365	
0.0039251040	
0.0050282037	
0.0022111754	
0.0000752026	
0.0015933576	
0.0018786640	
0.0004185757	
0.0023425194	
0.0000000000	
0.0020862838	
0.0030549665	
0.0000000000	
0.0000000000	
0.0015314580	
0.0060056986	
0.0000000000	
0.0004949478	
0.0007502519	
0.0020604210	
0.0006217018	
0.0018423446	
0.0026563354	
0.0000000000	
0.0020285615	
0.0018314851	
0.0060898002	
0.0032172062	
0.0054706736	
0.0034829013	
0.0019017830	
0.0018077087	
0.0033803969	
0.0045522166	
0.0013250591	
0.0061703598	
0.0004317516	
0.0017036187	
0.0060744395	
0.0013906494	
0.0008538994	
0.0000457995	
0.0019370739	
0.0000839767	
0.0016296218	
0.0000000000	
0.0061420928	
0.0000000000	
0.0033465763	
0.0024285763	
0.0029394534	
0.0006519787	
0.0041120815	
0.0022119222	
0.0030447082	
0.0021267750	
0.0021467226	
0.0001999372	
0.0048617366	
0.0013754182	
0.0013749918	
0.0020160487	
