0.0079718529	
0.0004175631	
0.0005866650	
0.0002722717	
0.0000000000	
0.0058590998	
0.0020649430	
0.0000000000	
0.0040652924	
0.0001783673	
0.0016619618	
0.0000037073	
0.0000630101	
0.0007162029	
0.0000000000	
0.0011006704	
0.0023419642	
0.0019078841	
0.0027700661	
0.0004841493	
0.0006756397	
0.0005595150	
0.0022160527	
0.0013283815	
0.0005522091	
0.0002384810	
0.0000000000	
0.0049627611	
0.0022859399	
0.0024741032	
0.0016164855	
0.0028998890	
0.0017783777	
0.0015538994	
0.0047770282	
0.0004360888	
0.0009765705	
0.0014895424	
0.0025996932	
0.0028840846	
0.0020150000	
0.0031133952	
0.0021538201	
0.0014383207	
0.0000000000	
0.0060240393	
0.0011653037	
0.0026012623	
0.0024505079	
0.0022153177	
0.0000000000	
0.0018594686	
0.0018522353	
0.0011392864	
0.0019809801	
0.0018503301	
0.0039957491	
0.0016562369	
0.0004084184	
0.0033670163	
0.0009782797	
0.0092988161	
0.0008707011	
0.0015530674	
0.0009928831	
0.0005861346	
0.0015596462	
0.0046152729	
0.0039725681	
0.0019173410	
0.0004879574	
0.0018613125	
0.0018031541	
0.0029013604	
0.0020436473	
0.0014786112	
0.0068103739	
0.0032137899	
0.0013386403	
0.0024676793	
0.0008046738	
0.0023040092	
0.0013295236	
0.0004999340	
0.0015286442	
0.0016681757	
0.0106533600	
0.0029019483	
0.0000000000	
0.0011983369	
0.0034959731	
0.0010366294	
0.0048277656	
0.0016105073	
0.0016903974	
0.0108369346	
0.0005134345	
0.0031882287	
0.0012322049	
0.0011935553	
0.0011700277	
0.0045230467	
0.0043842723	
0.0039665652	
0.0016938084	
0.0017409561	
0.0028781609	
0.0012346500	
0.0025904656	
0.0027220141	
0.0008044747	
0.0028252459	
0.0021258073	
0.0008949558	
0.0042254176	
0.0040031728	
0.0018893534	
0.0014223977	
0.0000000000	
0.0023701747	
0.0081221054	
0.0004587154	
0.0028551853	
0.0019801507	
0.0020827780	
0.0000352061	
0.0027285378	
0.0011049869	
0.0019470437	
0.0019444082	
0.0021100184	
0.0023754390	
0.0039046279	
0.0016532486	
0.0005282520	
0.0021347980	
0.0000746698	
0.0003613401	
0.0020779186	
0.0036082129	
0.0029348903	
0.0018262633	
0.0049646566	
0.0039155215	
0.0022981582	
0.0028755994	
0.0025544894	
0.0109832096	
0.0036185203	
0.0000000000	
0.0034462879	
0.0038635430	
0.0020251709	
0.0000000000	
0.0015907082	
0.0019987251	
0.0046535985	
0.0018680198	
0.0007719163	
0.0008482864	
0.0006462534	
0.0022907413	
0.0001453659	
0.0037750987	
0.0082413031	
0.0023085834	
0.0031850176	
0.0000401183	
0.0027395290	
0.0026927018	
0.0028210285	
0.0104651332	
0.0023046058	
0.0015676622	
0.0006358895	
0.0040548857	
0.0011240623	
0.0026067317	
0.0018316796	
0.0010297615	
0.0048406867	
0.0027238725	
0.0023281402	
0.0012125994	
0.0030125969	
0.0019836032	
0.0009463472	
0.0020560436	
0.0000000000	
0.0024172955	
0.0074354912	
0.0048588144	
0.0040600965	
0.0004510994	
0.0010627827	
0.0024872045	
0.0006879110	
0.0006197881	
0.0038839172	
0.0000830624	
0.0043884105	
0.0013966857	
0.0010547724	
0.0024477835	
0.0071265372	
0.0007928510	
0.0022126947	
0.0033570163	
0.0044025219	
0.0003209910	
0.0047083449	
0.0000000000	
0.0017454098	
0.0053395500	
0.0053474340	
0.0042986325	
0.0025799180	
0.0013318764	
0.0017982953	
0.0034508608	
0.0010410135	
0.0004329828	
0.0025536146	
0.0015778816	
0.0041827068	
0.0009805303	
0.0000000000	
0.0007582248	
0.0030207496	
0.0014188819	
0.0005612777	
0.0025061224	
0.0029271127	
0.0028847799	
0.0017097790	
0.0007927478	
0.0056587505	
0.0011001814	
0.0003300674	
0.0030209202	
0.0023024086	
0.0026193520	
0.0000000000	
0.0014043461	
0.0014223315	
0.0000000000	
0.0008676169	
0.0019823916	
0.0016850028	
0.0050609993	
0.0014688415	
0.0025108279	
0.0010660852	
0.0026309669	
0.0000000000	
0.0047463389	
0.0016441114	
0.0009638466	
0.0000000000	
0.0022831559	
0.0024930696	
0.0016705122	
0.0012703330	
0.0026662096	
0.0008398838	
0.0012337102	
0.0025488613	
0.0002027287	
0.0032433954	
0.0024174539	
0.0068120836	
0.0013319775	
0.0034205280	
0.0021205094	
0.0008849449	
0.0014026421	
0.0010989384	
0.0027282631	
0.0030583243	
0.0020354709	
0.0049181663	
0.0016162007	
0.0018169859	
0.0035079706	
0.0022462951	
0.0022444803	
0.0000000000	
0.0032357481	
0.0024226203	
0.0021700228	
0.0020748234	
0.0014767614	
0.0018654095	
0.0009067607	
0.0041726678	
0.0016006116	
0.0000000000	
0.0053547760	
0.0000000000	
0.0035847926	
0.0000000000	
0.0059152966	
0.0025574431	
0.0015883261	
0.0038190458	
0.0014894565	
0.0010762648	
0.0008542034	
0.0014838099	
0.0031314636	
0.0006879067	
0.0005798143	
0.0038786866	
0.0001614034	
0.0006178170	
0.0031801695	
0.0022934146	
0.0057355690	
0.0044890625	
0.0019669309	
0.0002403481	
0.0024735876	
0.0025817924	
0.0021542080	
0.0018915454	
0.0001264090	
0.0013009883	
0.0006136407	
0.0046047469	
0.0055531223	
0.0035635058	
0.0060642300	
0.0039204203	
0.0011457434	
0.0053128882	
0.0041531944	
0.0009478482	
0.0034660174	
0.0010215033	
0.0041028680	
0.0023705920	
0.0048749493	
0.0030411258	
0.0019936425	
0.0003218441	
0.0046712870	
0.0000000000	
0.0022577407	
0.0027210253	
0.0008452922	
0.0040578491	
0.0035122860	
0.0001250006	
0.0035752543	
0.0035113929	
0.0022310583	
0.0028476346	
0.0011796822	
0.0020231385	
0.0022388869	
0.0026206486	
0.0040150679	
0.0012985758	
0.0023633750	
0.0012574876	
0.0021659858	
0.0011415586	
0.0011078463	
0.0009182216	
0.0028853324	
0.0034017265	
0.0015456426	
0.0040600042	
0.0011978208	
0.0039388458	
0.0034442937	
0.0005678024	
0.0039508637	
0.0008048724	
0.0004856598	
0.0048546991	
0.0027728481	
0.0037304971	
0.0027531555	
0.0021099931	
0.0018389159	
0.0016196033	
0.0002378075	
0.0022843515	
0.0000000000	
0.0019683434	
0.0048000962	
0.0000726941	
0.0011423095	
0.0034166603	
0.0043596330	
0.0000000000	
0.0005879569	
0.0011082460	
0.0013222287	
0.0010968171	
0.0015927765	
0.0050686054	
0.0000000000	
0.0020852027	
0.0016869251	
0.0051462173	
0.0034734921	
0.0047093174	
0.0024527335	
0.0010162470	
0.0020074820	
0.0029481191	
0.0031463209	
0.0018097907	
0.0042703102	
0.0001101318	
0.0017894015	
0.0063135182	
0.0017090400	
0.0012079132	
0.0011283331	
0.0011725174	
0.0000000000	
0.0018052134	
0.0000000000	
0.0045085049	
0.0001691412	
0.0031877149	
0.0000000000	
0.0022314539	
0.0003644493	
0.0037831685	
0.0012084348	
0.0002236235	
0.0020440309	
0.0014927070	
0.0002046076	
0.0038772706	
0.0018155330	
0.0014889360	
0.0018752322	
