-0.000000	
-0.000000	
0.335682	
-0.000000	
-0.000000	
0.000000	
0.000100	
0.000000	
-0.000000	
0.000000	
-0.000000	
-0.000000	
0.022522	
-0.000000	
-0.000000	
0.000000	
-0.000000	
-0.000000	
-0.000000	
-0.000000	
0.000000	
-0.000000	
-0.000000	
-0.000000	
-0.000000	
-0.000000	
-0.000000	
-0.000000	
-0.000000	
-0.000000	
-0.000000	
0.000438	
-0.000000	
-0.000000	
-0.000000	
-0.000000	
-0.000000	
-0.000000	
-0.000000	
-0.000000	
-0.000000	
-0.000000	
-0.000000	
0.000000	
0.000000	
0.000240	
-0.000000	
-0.000000	
0.000000	
-0.000000	
-0.000000	
-0.000000	
-0.000000	
0.000000	
0.000000	
-0.000000	
-0.000000	
0.207183	
-0.000000	
-0.000000	
-0.000000	
-0.000000	
-0.000000	
0.035739	
0.322264	
-0.000000	
-0.000000	
-0.000000	
-0.000000	
0.000000	
-0.000000	
0.075832	
0.000000	
-0.000000	
-0.000000	
-0.000000	
0.000000	
-0.000000	
-0.000000	
-0.000000	
0.000000	
-0.000000	
-0.000000	
-0.000000	
0.000000	
