0.012050	
0.003413	
0.043904	
0.000000	
0.000491	
0.011452	
0.033834	
0.004621	
0.000000	
0.000000	
0.006631	
0.000000	
0.015499	
0.010723	
0.007650	
0.000003	
0.021381	
0.013955	
0.000000	
0.018468	
0.022483	
0.000000	
0.005496	
0.002559	
0.000000	
0.002234	
0.016933	
0.012569	
0.025374	
0.000000	
0.026238	
0.020287	
0.000000	
0.024639	
0.008102	
0.018745	
0.014183	
0.001717	
0.015735	
0.001386	
0.000000	
0.001024	
0.000000	
0.000000	
0.000000	
0.022621	
0.024208	
0.000000	
0.019203	
0.000000	
0.013366	
0.001222	
0.000000	
0.000000	
0.000000	
0.023822	
0.023964	
0.027099	
0.000000	
0.000000	
0.010951	
0.017787	
0.000000	
0.060379	
0.059781	
0.016071	
0.007551	
0.007441	
0.020215	
0.024316	
0.006264	
0.046748	
0.014279	
0.043722	
0.012923	
0.012911	
0.000000	
0.000000	
0.017449	
0.009853	
0.011982	
0.002725	
0.001642	
0.000000	
0.015724	
