0.012218	
0.005003	
0.049747	
0.000000	
0.000560	
0.011112	
0.037053	
0.001883	
0.000000	
0.000000	
0.005561	
0.000000	
0.015936	
0.010721	
0.007923	
0.000000	
0.021002	
0.012511	
0.000000	
0.017100	
0.021699	
0.000000	
0.004743	
0.003361	
0.000000	
0.001006	
0.015966	
0.011783	
0.025702	
0.000000	
0.027759	
0.022015	
0.000000	
0.022569	
0.006785	
0.016451	
0.014715	
0.000493	
0.015499	
0.000000	
0.000016	
0.000000	
0.000000	
0.000000	
0.000000	
0.024659	
0.023107	
0.000000	
0.018251	
0.000000	
0.012280	
0.000145	
0.000000	
0.000000	
0.000000	
0.023583	
0.023204	
0.028334	
0.000261	
0.000000	
0.010255	
0.017537	
0.000000	
0.062494	
0.063856	
0.015905	
0.006753	
0.007145	
0.019480	
0.025607	
0.006008	
0.048371	
0.013735	
0.043573	
0.013104	
0.013053	
0.000000	
0.000000	
0.016439	
0.009562	
0.011400	
0.004095	
0.002407	
0.000000	
0.016504	
