0.012194	
0.001435	
0.043860	
0.000000	
0.000702	
0.012348	
0.034161	
0.005885	
0.000000	
0.000000	
0.007491	
0.000000	
0.015275	
0.011095	
0.008163	
0.000000	
0.021814	
0.013727	
0.000000	
0.018521	
0.021955	
0.000000	
0.007041	
0.001328	
0.000000	
0.002369	
0.017346	
0.010981	
0.024170	
0.000259	
0.025674	
0.020073	
0.000000	
0.026320	
0.009322	
0.018736	
0.014757	
0.000000	
0.015950	
0.003290	
0.000000	
0.000464	
0.000000	
0.000000	
0.000000	
0.022033	
0.023143	
0.000000	
0.019712	
0.000000	
0.012892	
0.000871	
0.000000	
0.000478	
0.000000	
0.023310	
0.022259	
0.025562	
0.000000	
0.000000	
0.009946	
0.017609	
0.000000	
0.061798	
0.059743	
0.015564	
0.008242	
0.007756	
0.021090	
0.024380	
0.006084	
0.045166	
0.014979	
0.044201	
0.013823	
0.013493	
0.000000	
0.000000	
0.017513	
0.009918	
0.011969	
0.001023	
0.000767	
0.000000	
0.017971	
