0.011412	
0.002967	
0.045245	
-0.000000	
0.002711	
0.011815	
0.034933	
0.004194	
0.000000	
0.000000	
0.007480	
0.000000	
0.016199	
0.010849	
0.007606	
0.000000	
0.020348	
0.013688	
0.000000	
0.018951	
0.020865	
0.000000	
0.007192	
0.003731	
0.000000	
0.001424	
0.016855	
0.011732	
0.024815	
0.000000	
0.025254	
0.020445	
0.000000	
0.026197	
0.010876	
0.018281	
0.013318	
0.000006	
0.014318	
0.004988	
0.000000	
0.000000	
0.000000	
0.000000	
-0.000000	
0.024164	
0.023469	
0.000000	
0.018145	
-0.000000	
0.013070	
0.002534	
0.000000	
0.000000	
0.000000	
0.023823	
0.023670	
0.026252	
0.000000	
0.000000	
0.009644	
0.017638	
0.000000	
0.061821	
0.058867	
0.016196	
0.006029	
0.007966	
0.020449	
0.023995	
0.006760	
0.044447	
0.014334	
0.042499	
0.012885	
0.013625	
0.000000	
0.000000	
0.016886	
0.010460	
0.011378	
0.002247	
0.002392	
0.000000	
0.015660	
