0.0205834431	
0.0019299089	
0.0000000000	
0.0185688817	
0.0210739013	
0.0166654703	
0.0002051714	
0.0190185963	
0.0083407526	
0.0137021671	
0.0123455787	
0.0280912373	
0.0000000000	
0.0219819807	
0.0180351360	
0.0437372235	
0.0134926157	
0.0258790263	
0.0204976947	
0.0000000000	
0.0099918685	
0.0142247418	
0.0232945006	
0.0299184380	
0.0195840609	
0.0085942667	
0.0093667154	
0.0151175523	
0.0851430982	
0.0264257288	
0.0068243237	
0.0289465786	
0.0263144710	
0.0408877806	
0.0212688107	
0.0350523630	
0.0278403449	
0.0213074827	
0.0183894912	
0.0487111779	
0.0159187699	
0.0102275235	
0.0000000000	
0.0380726856	
0.0190422365	
0.0138813560	
0.0000000000	
0.0382271877	
0.0432776598	
