0.0188426572	
0.0000000000	
0.0000000000	
0.0190078397	
0.0198028356	
0.0144687702	
0.0006272129	
0.0219119156	
0.0064900948	
0.0148613196	
0.0129185918	
0.0278359754	
0.0000000000	
0.0222723900	
0.0171665684	
0.0477626677	
0.0138403017	
0.0270321252	
0.0207142707	
0.0000000000	
0.0076234772	
0.0136168996	
0.0237850808	
0.0308689459	
0.0214572455	
0.0071773209	
0.0077509477	
0.0131737231	
0.0890604667	
0.0255241529	
0.0043310460	
0.0283850214	
0.0269674573	
0.0428643717	
0.0198178080	
0.0360332393	
0.0272660977	
0.0214712390	
0.0170035360	
0.0529402114	
0.0141714831	
0.0096217687	
0.0000000000	
0.0415097833	
0.0172030747	
0.0130586159	
0.0000000000	
0.0390870373	
0.0426744123	
