0.0214491172	
0.0024134210	
0.0000000000	
0.0177228701	
0.0240407612	
0.0137840323	
0.0000000000	
0.0199414070	
0.0084062346	
0.0057614151	
0.0091110684	
0.0289464240	
0.0014279693	
0.0242571178	
0.0217107796	
0.0428591881	
0.0135299003	
0.0260182892	
0.0197362108	
0.0000000000	
0.0107584845	
0.0161055811	
0.0208910598	
0.0294548034	
0.0196240694	
0.0105129980	
0.0067883036	
0.0125560203	
0.0857435164	
0.0284320678	
0.0088134557	
0.0285736320	
0.0246841234	
0.0411162984	
0.0241145513	
0.0368302791	
0.0261720477	
0.0235191290	
0.0188561797	
0.0469309258	
0.0137624352	
0.0106701960	
0.0000000000	
0.0390566290	
0.0183224470	
0.0147181216	
0.0000000000	
0.0386310380	
0.0432454007	
