0.0199327233	
0.0027721028	
0.0000000000	
0.0196051316	
0.0203103032	
0.0169505254	
0.0030527181	
0.0206428618	
0.0094811475	
0.0157987612	
0.0155745105	
0.0260640925	
0.0000000000	
0.0228947012	
0.0189576138	
0.0430827823	
0.0154080414	
0.0253897849	
0.0215695467	
0.0000000000	
0.0119053840	
0.0156436484	
0.0231080400	
0.0282063100	
0.0220136719	
0.0093173924	
0.0105076121	
0.0135103537	
0.0784105419	
0.0263825798	
0.0078015850	
0.0263518474	
0.0259244900	
0.0393725653	
0.0211674272	
0.0336009130	
0.0273692269	
0.0215238161	
0.0180425037	
0.0454815155	
0.0165865993	
0.0117753007	
0.0000000000	
0.0383279552	
0.0187199410	
0.0155879272	
0.0000000000	
0.0364374678	
0.0394360361	
