0.0209729023	
0.0034479811	
0.0000000000	
0.0199866549	
0.0197845592	
0.0172428238	
0.0081745485	
0.0256038769	
0.0108903475	
0.0155939231	
0.0136393842	
0.0277066676	
0.0000000000	
0.0218463365	
0.0174612256	
0.0435271960	
0.0162269175	
0.0273734473	
0.0228140064	
0.0001722440	
0.0139449759	
0.0155783271	
0.0258484263	
0.0288064960	
0.0230893059	
0.0107415247	
0.0120814230	
0.0111683047	
0.0760047375	
0.0236783428	
0.0070828892	
0.0280885700	
0.0249465953	
0.0402510431	
0.0209422937	
0.0328459336	
0.0277171765	
0.0204024147	
0.0176136166	
0.0422979569	
0.0158105220	
0.0125976433	
0.0000000000	
0.0372750466	
0.0160133847	
0.0170066478	
0.0002435326	
0.0342974829	
0.0311603443	
