0.0209159116	
0.0069786226	
0.0000000000	
0.0208794303	
0.0206728654	
0.0172670840	
0.0076148739	
0.0253683446	
0.0130240091	
0.0155707999	
0.0149544600	
0.0295576086	
0.0038805384	
0.0208585508	
0.0188357749	
0.0400382528	
0.0174701897	
0.0268270675	
0.0233147781	
0.0024995021	
0.0156097574	
0.0188572526	
0.0245131367	
0.0277486919	
0.0223895779	
0.0124976332	
0.0153720571	
0.0130200828	
0.0633327844	
0.0225611851	
0.0103279498	
0.0267087889	
0.0245168443	
0.0354593581	
0.0208620061	
0.0303905930	
0.0273544277	
0.0205577826	
0.0183243318	
0.0385128142	
0.0153293645	
0.0142079962	
0.0065369541	
0.0330981016	
0.0184040433	
0.0172722826	
0.0050348012	
0.0300558687	
0.0246148680	
