0.0220939672	
0.0128348331	
0.0000000000	
0.0221194917	
0.0202114012	
0.0215834806	
0.0086419027	
0.0251996021	
0.0169996626	
0.0166379817	
0.0190981727	
0.0280854253	
0.0103703509	
0.0186507272	
0.0204953799	
0.0340763309	
0.0209908560	
0.0254524756	
0.0223158951	
0.0070762289	
0.0168525129	
0.0201260060	
0.0225674777	
0.0247025152	
0.0252073849	
0.0148792860	
0.0199213961	
0.0143325082	
0.0457825419	
0.0220076894	
0.0138643690	
0.0253434301	
0.0238922619	
0.0291905788	
0.0188182267	
0.0250384146	
0.0238830927	
0.0167077644	
0.0197137386	
0.0301144224	
0.0198385236	
0.0172603357	
0.0106524144	
0.0259646244	
0.0202373741	
0.0179859357	
0.0105342793	
0.0260616143	
0.0255851154	
