0.0222034269	
0.0126451411	
0.0000000000	
0.0221590027	
0.0204392204	
0.0213050770	
0.0078377119	
0.0249490990	
0.0162154910	
0.0164447161	
0.0185072394	
0.0287044372	
0.0106762579	
0.0194641007	
0.0206357155	
0.0345238578	
0.0208402953	
0.0257562330	
0.0223368541	
0.0065178701	
0.0163436529	
0.0200688999	
0.0222489218	
0.0246804689	
0.0248092774	
0.0147998881	
0.0194522527	
0.0138515260	
0.0464356341	
0.0221500086	
0.0138527366	
0.0258292840	
0.0237901038	
0.0298593624	
0.0186819688	
0.0250863571	
0.0236715483	
0.0174394933	
0.0201243767	
0.0309558646	
0.0207992987	
0.0173522483	
0.0100305666	
0.0258558651	
0.0207311646	
0.0174271190	
0.0092214102	
0.0265711088	
0.0257178455	
