0.0221435747	
0.0142962805	
0.0000000000	
0.0223190113	
0.0211076910	
0.0212430696	
0.0091265931	
0.0254063114	
0.0172726485	
0.0170824576	
0.0182130475	
0.0278471137	
0.0111294231	
0.0176858216	
0.0197987272	
0.0336060140	
0.0207739891	
0.0247166248	
0.0236947728	
0.0096834264	
0.0179502344	
0.0208698497	
0.0220309787	
0.0241637636	
0.0240718256	
0.0167003773	
0.0206814415	
0.0156733585	
0.0438899511	
0.0224187195	
0.0155545424	
0.0250728716	
0.0234299985	
0.0273449092	
0.0195333327	
0.0243211082	
0.0230701054	
0.0169296397	
0.0203360209	
0.0279983554	
0.0187749029	
0.0173653095	
0.0096349141	
0.0237319229	
0.0211446331	
0.0171297515	
0.0128640916	
0.0248406270	
0.0253258658	
