0.0220765803	
0.0150443071	
0.0000000000	
0.0220852363	
0.0208610073	
0.0213999854	
0.0094758640	
0.0270429901	
0.0186003041	
0.0168082662	
0.0201707779	
0.0266692071	
0.0129231837	
0.0178475715	
0.0190329450	
0.0327222487	
0.0210838123	
0.0243584029	
0.0238698931	
0.0111753920	
0.0181301044	
0.0209093226	
0.0221820741	
0.0241226630	
0.0253040833	
0.0171678787	
0.0194636149	
0.0150367776	
0.0440818329	
0.0223333727	
0.0159846019	
0.0231716856	
0.0226726554	
0.0257415853	
0.0189839370	
0.0248393740	
0.0234400985	
0.0170940670	
0.0196705443	
0.0259748139	
0.0180093288	
0.0179170704	
0.0125992764	
0.0223968323	
0.0189204052	
0.0172970521	
0.0146597022	
0.0236243416	
0.0250229290	
