0.0224562333	
0.0152535174	
0.0000000000	
0.0219758735	
0.0211122674	
0.0215518023	
0.0090492878	
0.0267017211	
0.0184177690	
0.0169820192	
0.0195582007	
0.0265626579	
0.0130607881	
0.0180704444	
0.0194074406	
0.0326595109	
0.0211223340	
0.0241799839	
0.0237240347	
0.0114939585	
0.0181277220	
0.0211604497	
0.0219635933	
0.0241799595	
0.0253391044	
0.0167390264	
0.0191515037	
0.0151384361	
0.0431543504	
0.0225687243	
0.0162761180	
0.0236148523	
0.0231395918	
0.0263637508	
0.0193887133	
0.0245184603	
0.0228511560	
0.0171245479	
0.0200267155	
0.0255792766	
0.0183707034	
0.0180280564	
0.0119728365	
0.0225501877	
0.0189843354	
0.0171540114	
0.0143200391	
0.0236530938	
0.0252208392	
