0.0249118778	
0.0139412921	
0.0000000000	
0.0224526998	
0.0214843534	
0.0217106545	
0.0026679071	
0.0302615173	
0.0179582582	
0.0118512225	
0.0180284359	
0.0269699841	
0.0116419418	
0.0157476511	
0.0206877726	
0.0375607931	
0.0226261080	
0.0213850440	
0.0284732218	
0.0080389436	
0.0185815691	
0.0224844752	
0.0257997428	
0.0280508749	
0.0255364378	
0.0141467977	
0.0182865562	
0.0111665598	
0.0506852158	
0.0249817576	
0.0148863559	
0.0253939101	
0.0241718673	
0.0280080721	
0.0192469950	
0.0272092640	
0.0252528875	
0.0129046265	
0.0205134614	
0.0284285576	
0.0135348825	
0.0173192672	
0.0032732549	
0.0232089346	
0.0190806505	
0.0164170478	
0.0129164113	
0.0241727872	
0.0259411005	
