0.0231157889	
0.0146754792	
0.0000000000	
0.0219779366	
0.0216176927	
0.0223716746	
0.0044387406	
0.0303985952	
0.0187497695	
0.0139203221	
0.0170049181	
0.0274985433	
0.0123244534	
0.0153505372	
0.0209884975	
0.0376691343	
0.0215678700	
0.0227400565	
0.0276217955	
0.0073880688	
0.0185158569	
0.0222060208	
0.0241213161	
0.0279734977	
0.0253257080	
0.0155864010	
0.0180324467	
0.0117417110	
0.0509274448	
0.0246000210	
0.0155309526	
0.0250966520	
0.0242629283	
0.0272709693	
0.0204640855	
0.0271803808	
0.0253425722	
0.0123037169	
0.0207223137	
0.0280838337	
0.0136055500	
0.0168244770	
0.0024878950	
0.0219343888	
0.0187907308	
0.0158570606	
0.0143055455	
0.0238919680	
0.0255936815	
