0.0215781203	
0.0142196075	
0.0000000000	
0.0224510108	
0.0209337707	
0.0222638212	
0.0057264978	
0.0296488193	
0.0190767461	
0.0150852535	
0.0183486950	
0.0281397756	
0.0122657107	
0.0167850494	
0.0203949685	
0.0363128221	
0.0217683094	
0.0214494208	
0.0263950328	
0.0074384822	
0.0182616139	
0.0221055990	
0.0228863301	
0.0270183875	
0.0269762670	
0.0143454251	
0.0190289454	
0.0120273495	
0.0505938708	
0.0244282992	
0.0151122939	
0.0250636550	
0.0230263590	
0.0257811469	
0.0198227732	
0.0261196889	
0.0235243019	
0.0146206564	
0.0197690793	
0.0297500489	
0.0146486374	
0.0168623485	
0.0066771476	
0.0229626454	
0.0179463329	
0.0169850717	
0.0135460414	
0.0231896938	
0.0266380767	
