0.0216736497	
0.0141325297	
0.0000000000	
0.0220745727	
0.0209295946	
0.0221175659	
0.0050388243	
0.0297417283	
0.0187772974	
0.0147254676	
0.0183747308	
0.0281085612	
0.0120675549	
0.0152944730	
0.0202784824	
0.0371465962	
0.0212176974	
0.0218603987	
0.0269348112	
0.0077087587	
0.0180204468	
0.0217158404	
0.0236328216	
0.0274044222	
0.0271041831	
0.0142553450	
0.0185276493	
0.0123992068	
0.0512235661	
0.0242677826	
0.0151447958	
0.0258805549	
0.0244330380	
0.0266701687	
0.0201381877	
0.0265600852	
0.0247000674	
0.0124709856	
0.0195010566	
0.0299895747	
0.0145521990	
0.0166915891	
0.0062150319	
0.0225919391	
0.0172200737	
0.0160079981	
0.0141136920	
0.0241712147	
0.0261931892	
