0.009065	
0.007806	
0.009333	
0.011213	
0.012844	
0.019392	
0.008916	
0.013290	
0.021732	
0.011112	
0.013435	
0.014641	
0.012331	
0.000322	
0.031878	
0.015315	
0.015845	
0.012452	
0.008878	
0.015334	
0.006299	
0.003986	
0.010516	
0.017519	
0.017986	
0.016499	
0.008634	
0.024630	
0.012316	
0.019842	
0.020638	
0.011020	
0.017208	
0.006421	
0.007529	
0.007118	
0.013211	
0.002939	
0.009141	
0.014491	
0.007818	
0.005623	
0.006753	
0.006320	
0.008409	
0.006005	
0.008351	
0.013689	
0.014653	
0.015544	
0.012940	
0.016824	
0.013691	
0.009390	
0.004347	
0.023223	
0.011493	
0.010307	
0.023584	
0.027373	
0.006967	
0.020066	
0.012578	
0.023481	
0.006134	
0.004646	
0.031669	
0.016347	
0.016592	
0.000000	
0.002627	
0.025528	
0.023397	
0.014955	
0.014637	
0.015241	
0.005717	
