0.0209904287	
0.0051233459	
0.0000000000	
0.0208909981	
0.0209254960	
0.0175766859	
0.0071574686	
0.0255144091	
0.0120637079	
0.0158715360	
0.0142442742	
0.0285890367	
0.0011541084	
0.0211719462	
0.0183801819	
0.0434778025	
0.0169864676	
0.0281895520	
0.0243179845	
0.0000000000	
0.0156096740	
0.0175972056	
0.0259375025	
0.0286115162	
0.0220006105	
0.0109594017	
0.0131378272	
0.0123038679	
0.0723489663	
0.0233332038	
0.0084389852	
0.0274278653	
0.0237178844	
0.0392021603	
0.0207186193	
0.0319962063	
0.0275848057	
0.0203250177	
0.0175049049	
0.0405868009	
0.0154971742	
0.0130307196	
0.0000000000	
0.0349836587	
0.0173408468	
0.0170939649	
0.0000000000	
0.0310329191	
0.0290522608	
