0.0209377356	
0.0079990393	
0.0000000000	
0.0209615574	
0.0203302611	
0.0175319259	
0.0088123247	
0.0244843080	
0.0130761048	
0.0171092152	
0.0165158021	
0.0304141567	
0.0042885038	
0.0202362431	
0.0189820828	
0.0391307103	
0.0183768895	
0.0258347637	
0.0223536471	
0.0034218000	
0.0148803831	
0.0188171870	
0.0248476840	
0.0269794444	
0.0222020984	
0.0128493847	
0.0165115699	
0.0129266427	
0.0606258665	
0.0212248598	
0.0107871833	
0.0276831782	
0.0232732786	
0.0351525388	
0.0208614753	
0.0295745144	
0.0273929124	
0.0198498594	
0.0179453764	
0.0375631096	
0.0153873768	
0.0149681012	
0.0079392160	
0.0321385880	
0.0177574715	
0.0176621116	
0.0070571597	
0.0297174200	
0.0246269371	
