0.0212512915	
0.0072723109	
0.0000000000	
0.0213666481	
0.0211963502	
0.0174023161	
0.0074879737	
0.0246858494	
0.0136492627	
0.0162358894	
0.0149001163	
0.0276730103	
0.0041280929	
0.0213672490	
0.0187912982	
0.0406782455	
0.0178030088	
0.0273083966	
0.0237198018	
0.0023326476	
0.0162675376	
0.0188129330	
0.0244257695	
0.0271540290	
0.0224410513	
0.0125440595	
0.0148457429	
0.0133483569	
0.0645474180	
0.0225583262	
0.0099444049	
0.0267417421	
0.0243437984	
0.0365301958	
0.0207218325	
0.0301694945	
0.0271129303	
0.0208408113	
0.0177725902	
0.0383353540	
0.0150260246	
0.0138076866	
0.0043159314	
0.0335626485	
0.0172404803	
0.0180891377	
0.0033484243	
0.0299636134	
0.0259379162	
