0.0223708070	
0.0133967811	
0.0000000000	
0.0220765172	
0.0210758544	
0.0215805343	
0.0091078731	
0.0253377224	
0.0171709732	
0.0166173225	
0.0186320268	
0.0283123229	
0.0115215039	
0.0189451909	
0.0207185986	
0.0334616150	
0.0205108772	
0.0247609310	
0.0230145380	
0.0072877142	
0.0171622935	
0.0207773121	
0.0213784964	
0.0241675095	
0.0250072066	
0.0149979213	
0.0206038932	
0.0158168503	
0.0428323826	
0.0220382147	
0.0150175465	
0.0246520951	
0.0241401334	
0.0286963556	
0.0195148104	
0.0265481315	
0.0231459304	
0.0178849533	
0.0201443489	
0.0288064060	
0.0192537200	
0.0172929820	
0.0107511434	
0.0245647536	
0.0207833279	
0.0166294666	
0.0109565347	
0.0252423261	
0.0252932507	
