0.0227945288	
0.0151588017	
0.0000000000	
0.0222725993	
0.0213327698	
0.0213849489	
0.0076619836	
0.0256983115	
0.0178364688	
0.0172104485	
0.0189053866	
0.0273788446	
0.0123252360	
0.0182242991	
0.0198295415	
0.0331579088	
0.0209270883	
0.0244823981	
0.0232860824	
0.0097106767	
0.0185632733	
0.0213575519	
0.0219980919	
0.0242683125	
0.0246414895	
0.0170803257	
0.0200823615	
0.0152078487	
0.0426794159	
0.0228654001	
0.0161358801	
0.0243191732	
0.0235785231	
0.0267912423	
0.0191640151	
0.0241756865	
0.0228139800	
0.0173210694	
0.0202384740	
0.0273625446	
0.0183215980	
0.0176621142	
0.0100416548	
0.0230069491	
0.0202633370	
0.0168255584	
0.0138726662	
0.0245059150	
0.0252772249	
