0.0223460534	
0.0142812081	
0.0000000000	
0.0222957969	
0.0211336606	
0.0210927694	
0.0093074035	
0.0257095137	
0.0172365032	
0.0170292542	
0.0176142720	
0.0273162194	
0.0122130587	
0.0196812461	
0.0205949052	
0.0334373220	
0.0206288144	
0.0246063857	
0.0225330740	
0.0070432705	
0.0177787476	
0.0211010892	
0.0209210240	
0.0239299144	
0.0243759910	
0.0155507672	
0.0210374884	
0.0150699188	
0.0425119145	
0.0225786046	
0.0155744385	
0.0248475319	
0.0237729004	
0.0280826352	
0.0196153683	
0.0246422596	
0.0233512969	
0.0183611467	
0.0204786205	
0.0290783507	
0.0190224555	
0.0176727465	
0.0101311982	
0.0237887681	
0.0206615412	
0.0174067884	
0.0123655790	
0.0250762742	
0.0251139093	
