0.0212271262	
0.0135650917	
0.0000000000	
0.0227623931	
0.0208077222	
0.0225370958	
0.0054566353	
0.0296078116	
0.0180070470	
0.0147562176	
0.0178520512	
0.0281021734	
0.0101949923	
0.0175962378	
0.0192352030	
0.0370556830	
0.0214461776	
0.0234017008	
0.0254935545	
0.0072547641	
0.0173490751	
0.0215623676	
0.0226461180	
0.0264100584	
0.0268364465	
0.0147822405	
0.0188494029	
0.0125416790	
0.0541764113	
0.0237157944	
0.0145751124	
0.0245908107	
0.0228788960	
0.0276440986	
0.0192759462	
0.0268926104	
0.0236993149	
0.0166115316	
0.0198557532	
0.0284700894	
0.0160073179	
0.0172357515	
0.0076567588	
0.0232799327	
0.0171085144	
0.0168530233	
0.0118961258	
0.0233494780	
0.0268896624	
