0.0220378649	
0.0146285242	
0.0000000000	
0.0220562657	
0.0207571230	
0.0213966463	
0.0087954675	
0.0274802527	
0.0185405048	
0.0165081827	
0.0201672458	
0.0270191707	
0.0123146869	
0.0176402892	
0.0188862358	
0.0334540192	
0.0211345956	
0.0245895554	
0.0240242470	
0.0105462395	
0.0182209774	
0.0207610931	
0.0223836922	
0.0245160494	
0.0256702575	
0.0168747845	
0.0193708376	
0.0145984497	
0.0456349314	
0.0222550427	
0.0156557457	
0.0233225167	
0.0230083492	
0.0260634746	
0.0188017057	
0.0250843077	
0.0237244820	
0.0168535719	
0.0195361363	
0.0263964574	
0.0177151722	
0.0176682847	
0.0120536602	
0.0223673428	
0.0190730241	
0.0171330460	
0.0142613256	
0.0238002775	
0.0252178872	
