0.0222274036	
0.0154079376	
0.0000000000	
0.0218269546	
0.0209570198	
0.0214171473	
0.0101164482	
0.0264637127	
0.0186039275	
0.0173510507	
0.0197780964	
0.0262925243	
0.0133340765	
0.0179019051	
0.0193005768	
0.0321278180	
0.0210291229	
0.0240184213	
0.0239639224	
0.0120429888	
0.0181055126	
0.0210076238	
0.0219399328	
0.0239962528	
0.0252983990	
0.0172220981	
0.0192089445	
0.0156209999	
0.0429205315	
0.0223093158	
0.0161862157	
0.0234264736	
0.0230102268	
0.0257649812	
0.0193749758	
0.0244302439	
0.0227797390	
0.0169743317	
0.0198170712	
0.0256878034	
0.0181423171	
0.0180578675	
0.0124559083	
0.0224433051	
0.0190187573	
0.0173327633	
0.0147866848	
0.0235346818	
0.0249849872	
