0.0219683769	
0.0154333319	
0.0000000000	
0.0222358748	
0.0210323113	
0.0216276423	
0.0097789955	
0.0265337250	
0.0188758177	
0.0167268509	
0.0194132997	
0.0256666150	
0.0135837412	
0.0181481430	
0.0191178321	
0.0321035453	
0.0208645253	
0.0241573830	
0.0237753360	
0.0114395491	
0.0185171574	
0.0212922841	
0.0222158990	
0.0243668791	
0.0251620630	
0.0173858141	
0.0195688839	
0.0152366868	
0.0425568039	
0.0223686142	
0.0164931543	
0.0232869394	
0.0224736456	
0.0257568590	
0.0192379027	
0.0247432935	
0.0229559628	
0.0172899466	
0.0196861697	
0.0260816540	
0.0175871789	
0.0182101856	
0.0125255209	
0.0226267152	
0.0184810030	
0.0180628859	
0.0147992629	
0.0235813348	
0.0249664035	
