0.0238431675	
0.0145648101	
0.0000000000	
0.0219837027	
0.0220676655	
0.0220502133	
0.0039554850	
0.0302791579	
0.0185871947	
0.0129054709	
0.0169337688	
0.0269893201	
0.0123983804	
0.0164939611	
0.0211780682	
0.0374168355	
0.0227534013	
0.0229273102	
0.0279191712	
0.0074135073	
0.0185529002	
0.0226097161	
0.0245846553	
0.0281381822	
0.0258599615	
0.0152502791	
0.0182574495	
0.0110765240	
0.0503423617	
0.0245047460	
0.0158014607	
0.0249928389	
0.0241841614	
0.0275653316	
0.0197352947	
0.0273293444	
0.0258993385	
0.0135584979	
0.0208544858	
0.0280038310	
0.0129827310	
0.0174086001	
0.0007661702	
0.0219046708	
0.0183110133	
0.0154472311	
0.0141281049	
0.0235962113	
0.0256933152	
