0.0257130517	
0.0137061617	
0.0000000000	
0.0223780020	
0.0216216244	
0.0219918823	
0.0021760847	
0.0300282182	
0.0181616125	
0.0111502036	
0.0180890531	
0.0269728156	
0.0118561710	
0.0161593913	
0.0210199072	
0.0375148481	
0.0230098656	
0.0209233852	
0.0282593264	
0.0081957032	
0.0186736190	
0.0227466361	
0.0258270942	
0.0273959014	
0.0259873027	
0.0137328749	
0.0183456656	
0.0114586233	
0.0502445894	
0.0252827858	
0.0146714373	
0.0253953388	
0.0244738334	
0.0281000661	
0.0202551375	
0.0270945864	
0.0256281332	
0.0140042738	
0.0209789303	
0.0277613786	
0.0135706106	
0.0173635006	
0.0000719901	
0.0232624906	
0.0200658088	
0.0167680256	
0.0123976384	
0.0237653614	
0.0257490580	
