0.0244314385	
0.0143618400	
0.0000000000	
0.0221512558	
0.0214528343	
0.0216004526	
0.0036947863	
0.0297343718	
0.0180666412	
0.0123707772	
0.0182168691	
0.0267376153	
0.0121835914	
0.0154838791	
0.0206293675	
0.0368010770	
0.0223057745	
0.0221152872	
0.0278626475	
0.0085056656	
0.0186309017	
0.0223013262	
0.0255608215	
0.0278747162	
0.0251161919	
0.0145956321	
0.0184453278	
0.0117193753	
0.0502870103	
0.0246471750	
0.0151557287	
0.0251229370	
0.0239651747	
0.0276130584	
0.0193152209	
0.0269087704	
0.0252306764	
0.0128256242	
0.0204899496	
0.0279575687	
0.0141690730	
0.0173295828	
0.0049185223	
0.0231569053	
0.0188446655	
0.0166129740	
0.0132003584	
0.0236641569	
0.0256344028	
