0.0249666154	
0.0150600587	
0.0000000000	
0.0223509506	
0.0209803518	
0.0211827200	
0.0058622562	
0.0289196163	
0.0178067112	
0.0127066186	
0.0196645238	
0.0262481572	
0.0114779209	
0.0159599566	
0.0198044322	
0.0356016122	
0.0211197376	
0.0212076201	
0.0267244109	
0.0085954569	
0.0183261211	
0.0213566809	
0.0251904763	
0.0265201340	
0.0272987273	
0.0177568968	
0.0191582080	
0.0127877406	
0.0501219313	
0.0232588764	
0.0150032437	
0.0257449866	
0.0254133441	
0.0286474240	
0.0195864421	
0.0257912889	
0.0264112732	
0.0143063922	
0.0204739268	
0.0263172955	
0.0134809944	
0.0171594791	
0.0058721109	
0.0238754341	
0.0178466785	
0.0162894223	
0.0130938646	
0.0214092441	
0.0252616352	
