0.0252797146	
0.0150173055	
0.0000000000	
0.0223324447	
0.0208857401	
0.0212549705	
0.0056945702	
0.0289280318	
0.0178107948	
0.0127320222	
0.0194811998	
0.0262577567	
0.0113567727	
0.0159747952	
0.0197974270	
0.0360288912	
0.0210444987	
0.0212991973	
0.0269111004	
0.0084093305	
0.0185109691	
0.0214430035	
0.0253137148	
0.0264900870	
0.0272051488	
0.0175379447	
0.0192837455	
0.0129299824	
0.0504357141	
0.0233447399	
0.0150816977	
0.0257208257	
0.0256505503	
0.0288904117	
0.0195241049	
0.0258805194	
0.0263445489	
0.0142926554	
0.0206228394	
0.0262944603	
0.0139544450	
0.0171858988	
0.0043055307	
0.0239403821	
0.0177566280	
0.0161800143	
0.0128234006	
0.0214830851	
0.0250763885	
