0.0000000000	
0.0000000000	
0.0000000000	
0.0000000000	
0.0000000000	
0.0000000000	
0.0000000000	
0.0000000000	
0.0000000000	
0.0000000000	
0.0000000000	
0.0187916639	
0.0000000000	
0.0000000000	
0.0000000000	
0.2081495833	
0.0000000000	
0.0000000000	
0.0000000000	
0.2123185587	
0.1476051246	
0.0000000000	
0.0000000000	
0.0000000000	
0.0000000000	
0.0560940540	
0.0000000000	
0.0000000000	
0.0000000000	
0.0000000000	
0.1122507562	
0.0000000000	
0.0000000000	
0.0906164582	
0.0000000000	
0.0000000000	
0.0000000000	
0.0000000000	
0.0000000000	
0.0456441175	
-0.0000000000	
0.0000000000	
0.0000000000	
0.0000000000	
0.0909493846	
0.0000000000	
0.0000000000	
0.0000000000	
0.0000000000	
0.0000000000	
0.0000000000	
0.0000000000	
0.0000000000	
0.0000000000	
0.0000000000	
0.0175802990	
0.0000000000	
0.0000000000	
0.0000000000	
0.0000000000	
0.0000000000	
0.0000000000	
0.0000000000	
-0.0000000000	
0.0000000000	
0.0000000000	
0.0000000000	
0.0000000000	
0.0000000000	
0.0000000000	
0.0000000000	
0.0000000000	
0.0000000000	
0.0000000000	
0.0000000000	
0.0000000000	
0.0000000000	
0.0000000000	
0.0000000000	
0.0000000000	
0.0000000000	
0.0000000000	
