-0.0000000000	
0.0000000000	
0.0000000000	
-0.0000000000	
0.0000000000	
0.0000000000	
-0.0000000000	
-0.0000000000	
-0.0000000000	
0.0000000000	
0.0000000000	
0.0187849747	
0.0000000000	
-0.0000000000	
0.0000000000	
0.2081645655	
0.0000000000	
-0.0000000000	
0.0000000000	
0.2123183939	
0.1476052918	
-0.0000000000	
0.0000000000	
0.0000000000	
0.0000000000	
0.0560963175	
0.0000000000	
0.0000000000	
0.0000000000	
-0.0000000000	
0.1122451639	
0.0000000000	
0.0000000000	
0.0906081291	
0.0000000000	
-0.0000000000	
0.0000000000	
0.0000000000	
0.0000000000	
0.0456528253	
-0.0000000000	
0.0000000000	
-0.0000000000	
0.0000000000	
0.0909454386	
-0.0000000000	
-0.0000000000	
0.0000000000	
-0.0000000000	
-0.0000000000	
0.0000000000	
-0.0000000000	
0.0000000000	
-0.0000000000	
-0.0000000000	
0.0175788997	
-0.0000000000	
-0.0000000000	
0.0000000000	
0.0000000000	
-0.0000000000	
0.0000000000	
0.0000000000	
0.0000000000	
-0.0000000000	
0.0000000000	
0.0000000000	
0.0000000000	
-0.0000000000	
0.0000000000	
0.0000000000	
0.0000000000	
-0.0000000000	
0.0000000000	
0.0000000000	
0.0000000000	
-0.0000000000	
-0.0000000000	
-0.0000000000	
0.0000000000	
0.0000000000	
0.0000000000	
