0.0000000000	
0.0000000000	
0.0000000000	
0.0000000000	
0.0000000000	
0.0000000000	
0.0000000000	
0.0000000000	
0.0000000000	
0.0000000000	
0.0000000000	
0.0044198809	
0.0000000000	
0.0000000000	
0.0000000000	
0.1810409333	
0.0000000000	
0.0000000000	
0.0000000000	
0.2238214984	
0.1634282594	
0.0000000000	
0.0000000000	
0.0000000000	
0.0000000000	
0.0521024117	
0.0000000000	
0.0000000000	
0.0000000000	
0.0000000000	
0.1171477959	
0.0000000000	
0.0000000000	
0.1074507869	
0.0000000000	
0.0000000000	
0.0000000000	
0.0000000000	
0.0000000000	
0.0412119166	
0.0000000000	
0.0000000000	
0.0000000000	
0.0000000000	
0.0913046525	
0.0000000000	
0.0000000000	
0.0000000000	
0.0000000000	
0.0000000000	
0.0000000000	
0.0000000000	
0.0000000000	
0.0000000000	
0.0000000000	
0.0180718644	
0.0000000000	
0.0000000000	
0.0000000000	
0.0000000000	
0.0000000000	
0.0000000000	
0.0000000000	
0.0000000000	
0.0000000000	
0.0000000000	
0.0000000000	
0.0000000000	
0.0000000000	
0.0000000000	
0.0000000000	
0.0000000000	
0.0000000000	
0.0000000000	
0.0000000000	
0.0000000000	
0.0000000000	
0.0000000000	
0.0000000000	
0.0000000000	
0.0000000000	
0.0000000000	
