0.0189526238	
0.0000000000	
0.0000000000	
0.0000000000	
0.0000000000	
0.0000000000	
0.0000000000	
0.0000000000	
0.0000000000	
0.0000000000	
0.0000000000	
0.1561709902	
0.0000000000	
0.0000000000	
0.0000000000	
0.2497674065	
0.0000000000	
0.0000000000	
0.0000000000	
0.0636970978	
0.0441999392	
0.0029467534	
0.0000000000	
0.0000000000	
0.0000000000	
0.1169236442	
0.0000000000	
0.0000000000	
0.0000000000	
0.0000000000	
0.1290115267	
0.0000000000	
0.0000000000	
0.0000000000	
0.0000000000	
0.0000000000	
0.0000000000	
0.0000000000	
0.0000000000	
0.0000000007	
0.0000000000	
0.0000000000	
0.0000000000	
0.0000000000	
0.1995283126	
0.0000000000	
0.0000000000	
0.0000000000	
0.0000000000	
0.0000000000	
0.0000000000	
0.0000000000	
0.0000000000	
0.0000000000	
0.0000000000	
0.0188017050	
0.0000000000	
0.0000000000	
0.0000000000	
0.0000000000	
0.0000000000	
0.0000000000	
0.0000000000	
0.0000000000	
0.0000000000	
0.0000000000	
0.0000000000	
0.0000000000	
0.0000000000	
0.0000000000	
0.0000000000	
0.0000000000	
0.0000000000	
0.0000000000	
0.0000000000	
0.0000000000	
0.0000000000	
0.0000000000	
0.0000000000	
0.0000000000	
0.0000000000	
0.0000000000	
