0.0000000000	
0.0000000000	
0.0000000000	
0.0000000000	
0.0000000000	
0.0000000000	
0.0000000000	
0.0000000000	
0.0000000000	
0.0000000000	
0.0000000000	
0.0777923390	
0.0000000000	
0.0000000000	
0.0000000000	
0.2500362414	
0.0000000000	
0.0000000000	
0.0000000000	
0.2021091944	
0.1448455528	
0.0000000000	
0.0000000000	
0.0000000000	
0.0000000000	
0.0787223983	
0.0000000000	
0.0000000000	
0.0000000000	
0.0000000000	
0.1124071112	
0.0000000000	
0.0000000000	
0.0363324723	
0.0000000000	
0.0000000000	
0.0000000000	
0.0000000000	
0.0000000000	
0.0039691733	
0.0000000000	
0.0000000000	
0.0000000000	
0.0000000000	
0.0937855173	
0.0000000000	
0.0000000000	
0.0000000000	
0.0000000000	
0.0000000000	
0.0000000000	
0.0000000000	
0.0000000000	
0.0000000000	
0.0000000000	
0.0000000000	
0.0000000000	
0.0000000000	
0.0000000000	
0.0000000000	
0.0000000000	
0.0000000000	
0.0000000000	
0.0000000000	
0.0000000000	
0.0000000000	
0.0000000000	
0.0000000000	
0.0000000000	
0.0000000000	
0.0000000000	
0.0000000000	
0.0000000000	
0.0000000000	
0.0000000000	
0.0000000000	
0.0000000000	
0.0000000000	
0.0000000000	
0.0000000000	
0.0000000000	
0.0000000000	
