0.0279084747	
0.0000000000	
0.0000000000	
0.0000000000	
0.0000000000	
0.0000000000	
0.0000000000	
0.0000000000	
0.0000000000	
0.0000000000	
0.0000000000	
0.1669162129	
0.0000000000	
0.0000000000	
0.0000000000	
0.2453852797	
0.0000000000	
0.0000000000	
-0.0000000000	
0.0575019315	
0.0354954958	
0.0000002527	
0.0000000000	
0.0000000000	
0.0000000000	
0.1198855250	
0.0000000000	
-0.0000000000	
0.0000000000	
0.0000000000	
0.1265889274	
0.0000000000	
0.0000000000	
0.0000000000	
0.0000000000	
0.0000020195	
0.0000000000	
0.0000000000	
0.0000000000	
0.0000001535	
0.0000000000	
0.0000000000	
-0.0000000000	
0.0000000000	
0.2024750637	
0.0000000000	
0.0000000000	
0.0000000000	
0.0000000000	
0.0000000000	
0.0000000000	
0.0000000000	
0.0000000000	
0.0000000000	
0.0000000000	
0.0178406636	
0.0000000000	
0.0000000000	
0.0000000000	
-0.0000000000	
0.0000000000	
0.0000000000	
0.0000000000	
-0.0000000000	
0.0000000000	
0.0000000000	
0.0000000000	
0.0000000000	
0.0000000000	
0.0000000000	
0.0000000000	
0.0000000000	
0.0000000000	
0.0000000000	
0.0000000000	
0.0000000000	
0.0000000000	
0.0000000000	
0.0000000000	
0.0000000000	
0.0000000000	
0.0000000000	
