0.0716824308	
0.0000000000	
0.0000000000	
0.0000000000	
0.0000000000	
0.0000000000	
0.0000000000	
0.0104982930	
-0.0000000000	
0.0000000000	
0.0000000000	
0.1356716378	
0.0000000000	
0.0000000000	
0.0000000000	
0.1704127612	
0.0000000000	
0.0000000000	
-0.0000000000	
0.0925769433	
0.0000000000	
0.0645102489	
-0.0000000000	
0.0000000000	
0.0000000000	
0.0953806166	
0.0000000000	
0.0000000000	
0.0000000000	
0.0000000000	
0.0891533110	
0.1395736841	
0.0000000000	
0.0000000000	
0.0000000000	
-0.0000000000	
0.0000000000	
0.0000000000	
0.0044280448	
0.0000000000	
-0.0000000000	
0.0000000000	
-0.0000000000	
-0.0000000000	
0.0765585464	
-0.0000000000	
-0.0000000000	
-0.0000000000	
0.0000000000	
0.0000000000	
0.0000000000	
0.0000000000	
0.0000000000	
0.0000000000	
0.0000000000	
0.0495534822	
0.0000000000	
-0.0000000000	
-0.0000000000	
-0.0000000000	
0.0000000000	
0.0000000000	
-0.0000000000	
-0.0000000000	
0.0000000000	
0.0000000000	
-0.0000000000	
0.0000000000	
-0.0000000000	
-0.0000000000	
0.0000000000	
-0.0000000000	
-0.0000000000	
0.0000000000	
0.0000000000	
-0.0000000000	
0.0000000000	
0.0000000000	
-0.0000000000	
0.0000000000	
0.0000000000	
0.0000000000	
