0.0832705099	
0.0000000000	
0.0000000000	
0.0000000000	
0.0000000000	
0.0000000000	
0.0000000000	
0.0214237641	
0.0000000000	
0.0000000000	
0.0000000000	
0.1336042675	
0.0000000000	
0.0000000000	
0.0000000000	
0.1369285516	
0.0000000000	
0.0000000000	
0.0000000000	
0.0890875709	
0.0000000000	
0.0490451410	
0.0000000000	
0.0000000000	
0.0000000000	
0.1007999202	
0.0000000000	
0.0000000000	
0.0000000000	
0.0000000000	
0.1065804013	
0.1219038332	
0.0000000000	
0.0000000000	
0.0000000000	
0.0000000000	
0.0000000000	
0.0000000000	
0.0297192209	
0.0000000000	
0.0000000000	
0.0000000000	
0.0000000000	
0.0000000000	
0.0778919000	
0.0000000000	
0.0000000000	
0.0000000000	
0.0000000000	
0.0000000000	
0.0000000000	
0.0000000000	
0.0000000000	
0.0000000000	
0.0000000000	
0.0497449194	
0.0000000000	
0.0000000000	
0.0000000000	
0.0000000000	
0.0000000000	
0.0000000000	
0.0000000000	
0.0000000000	
0.0000000000	
0.0000000000	
0.0000000000	
0.0000000000	
0.0000000000	
0.0000000000	
0.0000000000	
0.0000000000	
0.0000000000	
0.0000000000	
0.0000000000	
0.0000000000	
0.0000000000	
0.0000000000	
0.0000000000	
0.0000000000	
0.0000000000	
0.0000000000	
