0.0615552540	
0.0000000000	
-0.0000000000	
-0.0000000000	
0.0000000000	
-0.0000000000	
-0.0000000000	
0.0219310884	
0.0000000000	
0.0000000000	
0.0000000000	
0.1660345251	
-0.0000000000	
0.0000000000	
-0.0000000000	
0.1708556149	
0.0000000000	
0.0000000000	
0.0000000000	
0.1067760410	
-0.0000000000	
0.0415203799	
-0.0000000000	
0.0000000000	
0.0000000000	
0.0843792903	
0.0000000000	
-0.0000000000	
0.0000000000	
0.0000000000	
0.0848612053	
0.1754289380	
0.0000000000	
0.0205596505	
0.0000000000	
0.0000000000	
0.0000000000	
0.0000000000	
0.0000000000	
0.0000000000	
-0.0000000000	
0.0000000000	
-0.0000000000	
0.0000000000	
0.0304245878	
-0.0000000000	
0.0000000000	
0.0000000000	
-0.0000000000	
0.0000000000	
-0.0000000000	
0.0000000000	
-0.0000000000	
-0.0000000000	
0.0000000000	
0.0356734248	
-0.0000000000	
0.0000000000	
0.0000000000	
0.0000000000	
-0.0000000000	
0.0000000000	
0.0000000000	
0.0000000000	
0.0000000000	
-0.0000000000	
0.0000000000	
-0.0000000000	
0.0000000000	
0.0000000000	
0.0000000000	
0.0000000000	
0.0000000000	
0.0000000000	
0.0000000000	
0.0000000000	
0.0000000000	
0.0000000000	
0.0000000000	
0.0000000000	
0.0000000000	
0.0000000000	
