0.0441447839	
0.0000000000	
0.0000000000	
0.0000000000	
0.0000000000	
0.0000000000	
0.0000000000	
0.0066705432	
0.0000000000	
0.0000000000	
0.0000000000	
0.1077134972	
0.0000000000	
0.0000000000	
-0.0000000000	
0.1100107550	
-0.0000000000	
0.0000000000	
0.0000000000	
0.1017673982	
0.0000000109	
0.0834335420	
0.0000000000	
0.0000000000	
0.0000000000	
0.0731142904	
0.0000000000	
0.0000000000	
0.0000000000	
0.0000000000	
0.1256209554	
0.1639722671	
-0.0000000000	
0.0266072279	
0.0000000000	
0.0000000000	
0.0000000000	
0.0000000000	
0.0000000487	
0.0000000000	
0.0000000000	
0.0000000000	
0.0000000000	
0.0000000000	
0.0832502411	
0.0000000000	
0.0000000000	
0.0000000000	
0.0000000000	
0.0000000000	
0.0000000000	
0.0000000000	
0.0000000000	
0.0000000000	
-0.0000000000	
0.0736944390	
0.0000000000	
-0.0000000000	
0.0000000000	
0.0000000000	
0.0000000000	
0.0000000000	
-0.0000000000	
-0.0000000000	
0.0000000000	
0.0000000000	
0.0000000000	
0.0000000000	
0.0000000000	
-0.0000000000	
0.0000000000	
0.0000000000	
0.0000000000	
0.0000000000	
0.0000000000	
0.0000000000	
0.0000000000	
0.0000000000	
0.0000000000	
0.0000000000	
0.0000000000	
0.0000000000	
