0.0900783928	
-0.0000000000	
0.0000000000	
0.0000000000	
0.0000000000	
0.0000000000	
0.0000000000	
0.0294285517	
0.0000000000	
0.0000000000	
0.0000000000	
0.1403133797	
0.0000000000	
0.0000000000	
-0.0000000000	
0.1409827103	
0.0000000000	
0.0000000000	
0.0000000000	
0.0846184606	
0.0000000000	
0.0451994022	
0.0000000000	
0.0000000000	
0.0000000000	
0.1043787222	
0.0000000000	
0.0000000000	
0.0000000000	
0.0000000000	
0.1052093529	
0.1007033576	
0.0000000000	
0.0000000000	
0.0000000000	
0.0000000000	
0.0000000000	
-0.0000000000	
0.0315390186	
0.0000000000	
0.0000000000	
0.0000000000	
0.0000000000	
0.0000000000	
0.0842448777	
0.0000000000	
0.0000000000	
0.0000000000	
0.0000000000	
0.0000000000	
0.0000000000	
-0.0000000000	
0.0000000000	
0.0000000000	
0.0000000000	
0.0433037737	
0.0000000000	
0.0000000000	
0.0000000000	
0.0000000000	
0.0000000000	
0.0000000000	
0.0000000000	
0.0000000000	
0.0000000000	
0.0000000000	
0.0000000000	
0.0000000000	
0.0000000000	
-0.0000000000	
0.0000000000	
0.0000000000	
0.0000000000	
0.0000000000	
0.0000000000	
0.0000000000	
0.0000000000	
0.0000000000	
0.0000000000	
0.0000000000	
0.0000000000	
0.0000000000	
