0.0851393607	
0.0000000000	
0.0000000000	
0.0000000000	
0.0000000000	
0.0000000000	
0.0000000000	
0.0170041945	
0.0000000000	
0.0000000000	
0.0000000000	
0.1313466207	
0.0000000000	
0.0000000000	
0.0000000000	
0.1336573223	
0.0000000000	
0.0000000000	
0.0000000000	
0.0756768434	
0.0000000000	
0.0555072573	
0.0000000000	
0.0000000000	
0.0000000000	
0.1030326363	
0.0000000000	
0.0000000000	
0.0000000000	
0.0000000000	
0.1051743943	
0.1004338527	
0.0000000000	
0.0000000000	
0.0000000000	
0.0000000000	
0.0000000000	
0.0000000000	
0.0485372638	
0.0000000000	
0.0000000000	
0.0000000000	
0.0000000000	
0.0000000000	
0.0895867329	
0.0000000000	
0.0000000000	
0.0000000000	
0.0000000000	
0.0000000000	
0.0000000000	
0.0000000000	
0.0000000000	
0.0000000000	
0.0000000000	
0.0549035211	
0.0000000000	
0.0000000000	
0.0000000000	
0.0000000000	
0.0000000000	
0.0000000000	
0.0000000000	
0.0000000000	
0.0000000000	
0.0000000000	
0.0000000000	
0.0000000000	
0.0000000000	
0.0000000000	
0.0000000000	
0.0000000000	
0.0000000000	
0.0000000000	
0.0000000000	
0.0000000000	
0.0000000000	
0.0000000000	
0.0000000000	
0.0000000000	
0.0000000000	
0.0000000000	
