0.163142	
-0.000000	
0.000000	
0.000000	
0.000000	
0.000000	
0.000000	
0.000000	
-0.000000	
0.000000	
0.000000	
0.000000	
0.000000	
0.000000	
-0.000000	
0.114795	
0.000000	
0.000000	
0.000000	
0.030036	
0.006742	
0.018330	
0.000000	
0.000000	
0.000000	
0.150843	
-0.000000	
0.000000	
0.000000	
0.000000	
0.141202	
0.002025	
0.000000	
0.042991	
0.000000	
0.028541	
0.000000	
0.000000	
0.000000	
0.015043	
0.017692	
0.000000	
0.000000	
-0.000000	
0.197019	
0.000000	
0.000000	
-0.000000	
0.000000	
0.000000	
0.000000	
0.000000	
0.000000	
0.000000	
0.000000	
0.000000	
0.000000	
-0.000000	
-0.000000	
0.000000	
0.000000	
0.000000	
0.000000	
0.000000	
0.000000	
0.000000	
0.000000	
0.000000	
0.000000	
0.000000	
0.000000	
0.000000	
0.000000	
0.071601	
0.000000	
0.000000	
0.000000	
0.000000	
0.000000	
0.000000	
0.000000	
0.000000	
