0.119290	
0.000000	
0.000000	
0.000000	
0.000000	
0.000000	
0.000000	
0.000000	
0.000000	
0.000000	
0.000000	
0.001354	
0.000000	
0.000000	
0.000000	
0.171434	
0.000000	
0.000000	
0.000000	
0.105238	
0.127053	
0.000000	
0.000000	
0.000000	
0.000000	
0.062980	
0.000000	
0.000000	
0.000000	
0.000000	
0.112796	
0.000000	
0.000000	
0.124838	
0.000000	
0.020732	
0.000000	
0.000000	
0.000000	
0.000000	
0.000000	
0.000000	
0.000000	
0.000000	
0.083825	
0.000000	
0.000000	
0.000000	
0.000000	
0.014357	
0.000000	
0.000000	
0.000000	
0.000000	
0.000000	
0.000000	
0.000000	
0.000000	
0.000000	
0.000000	
0.000000	
0.000000	
0.000000	
0.000000	
0.000000	
0.000000	
0.000000	
0.000000	
0.000000	
0.000000	
0.000000	
0.000000	
0.000000	
0.056103	
0.000000	
0.000000	
0.000000	
0.000000	
0.000000	
0.000000	
0.000000	
0.000000	
