0.144545	
0.000000	
0.000000	
0.000000	
-0.000000	
-0.000000	
0.000000	
0.000000	
0.000000	
-0.000000	
0.000000	
0.006762	
0.000000	
0.000000	
-0.000000	
0.123667	
0.000000	
-0.000000	
0.000000	
0.047044	
0.023196	
0.000000	
0.000000	
0.000000	
0.000000	
0.156127	
0.000000	
-0.000000	
-0.000000	
0.000000	
0.123324	
0.043522	
0.000000	
0.044163	
0.000000	
0.046975	
0.000000	
0.000000	
0.000000	
-0.000000	
-0.000000	
0.000000	
0.000000	
0.000000	
0.186817	
-0.000000	
0.000000	
0.000000	
0.000000	
0.000000	
-0.000000	
0.000000	
-0.000000	
0.000000	
-0.000000	
0.000000	
0.000000	
0.000000	
0.000000	
0.000000	
-0.000000	
0.000000	
0.000000	
0.000000	
0.000000	
0.000000	
0.000000	
-0.000000	
0.000000	
0.000000	
-0.000000	
-0.000000	
0.000000	
0.053856	
0.000000	
0.000000	
-0.000000	
0.000000	
0.000000	
0.000000	
0.000000	
0.000000	
