0.131622	
0.000000	
0.000000	
0.000000	
0.000000	
0.000000	
0.000000	
0.000000	
0.000000	
0.000000	
0.000000	
0.000000	
0.000000	
0.000000	
0.000000	
0.157680	
0.000000	
0.000000	
0.000000	
0.094052	
0.111827	
0.000000	
0.000000	
0.000000	
0.000000	
0.069450	
0.000000	
0.000000	
0.000000	
0.000000	
0.111424	
0.000000	
0.000000	
0.119329	
0.000000	
0.019127	
0.000000	
0.000000	
0.000000	
0.000000	
0.000000	
0.000000	
0.000000	
0.000000	
0.115947	
0.000000	
0.000000	
0.000000	
0.000000	
0.007546	
0.000000	
0.000000	
0.000000	
0.000000	
0.000000	
0.000000	
0.000000	
0.000000	
0.000000	
0.000000	
0.000000	
0.000000	
0.000000	
0.000000	
0.000000	
0.000000	
0.000000	
0.000000	
0.000000	
0.000000	
0.000000	
0.000000	
0.000000	
0.061997	
0.000000	
0.000000	
0.000000	
0.000000	
0.000000	
0.000000	
0.000000	
0.000000	
