0.144152	
0.000000	
0.000000	
0.000000	
-0.000000	
-0.000000	
0.000000	
0.000000	
0.000000	
0.000000	
0.000000	
0.014602	
0.000000	
0.000000	
-0.000000	
0.143029	
0.000000	
0.000000	
0.000000	
0.073116	
-0.000000	
0.011540	
0.000000	
-0.000000	
0.000000	
0.118938	
-0.000000	
0.000000	
0.000000	
0.000000	
0.123174	
0.000000	
-0.000000	
0.062975	
-0.000000	
0.017160	
0.000000	
-0.000000	
0.000000	
0.000000	
0.031111	
0.000000	
0.000000	
0.000000	
0.166705	
-0.000000	
0.000000	
0.000000	
0.000000	
-0.000000	
0.000000	
0.000000	
0.000000	
0.000000	
-0.000000	
-0.000000	
0.000000	
0.000000	
0.000000	
0.000000	
0.000000	
0.000000	
0.000000	
-0.000000	
0.000000	
0.000000	
0.000000	
0.000000	
-0.000000	
-0.000000	
-0.000000	
-0.000000	
0.000000	
0.093497	
-0.000000	
0.000000	
-0.000000	
-0.000000	
0.000000	
0.000000	
-0.000000	
0.000000	
