0.113635	
-0.000000	
0.000000	
-0.000000	
-0.000000	
-0.000000	
-0.000000	
-0.000000	
-0.000000	
-0.000000	
-0.000000	
0.000000	
-0.000000	
-0.000000	
-0.000000	
0.125142	
-0.000000	
-0.000000	
-0.000000	
0.101434	
0.034973	
0.000000	
-0.000000	
-0.000000	
-0.000000	
0.092068	
-0.000000	
-0.000000	
-0.000000	
-0.000000	
0.112373	
0.000000	
-0.000000	
0.104563	
-0.000000	
0.029496	
-0.000000	
-0.000000	
-0.000000	
-0.000000	
0.000076	
-0.000000	
-0.000000	
-0.000000	
0.172928	
-0.000000	
-0.000000	
-0.000000	
-0.000000	
-0.000000	
-0.000000	
-0.000000	
-0.000000	
-0.000000	
-0.000000	
-0.000000	
-0.000000	
-0.000000	
-0.000000	
-0.000000	
-0.000000	
-0.000000	
-0.000000	
-0.000000	
-0.000000	
-0.000000	
-0.000000	
-0.000000	
-0.000000	
-0.000000	
-0.000000	
-0.000000	
-0.000000	
0.113311	
-0.000000	
-0.000000	
-0.000000	
-0.000000	
0.000000	
-0.000000	
-0.000000	
-0.000000	
