0.140253	
-0.000000	
0.000000	
0.000000	
0.000000	
0.000000	
0.000000	
0.000000	
-0.000000	
-0.000000	
-0.000000	
0.010761	
-0.000000	
0.000000	
-0.000000	
0.131851	
0.000000	
0.000000	
0.000000	
0.050116	
0.017239	
-0.000000	
0.000000	
0.000000	
0.000000	
0.157236	
-0.000000	
0.000000	
0.000000	
0.000000	
0.129159	
0.000000	
-0.000000	
0.039059	
0.000000	
0.044486	
-0.000000	
0.000000	
0.000000	
-0.000000	
0.000000	
0.000000	
0.000000	
-0.000000	
0.185368	
0.000000	
-0.000000	
-0.000000	
0.000000	
0.000000	
0.000000	
0.000000	
0.000000	
-0.000000	
-0.000000	
0.001729	
-0.000000	
-0.000000	
0.000000	
0.000000	
-0.000000	
-0.000000	
0.000000	
0.000000	
0.000000	
0.000000	
-0.000000	
-0.000000	
0.000000	
-0.000000	
0.000000	
0.000000	
0.000000	
0.092742	
0.000000	
0.000000	
0.000000	
0.000000	
0.000000	
-0.000000	
0.000000	
-0.000000	
