0.120281	
-0.000000	
0.000000	
0.000000	
0.000000	
0.000000	
0.000000	
0.000000	
-0.000000	
0.000000	
0.000000	
0.048581	
-0.000000	
0.000000	
0.000000	
0.156837	
0.000000	
0.000000	
0.000000	
0.081255	
0.000000	
0.029395	
0.000000	
0.000000	
0.000000	
0.159576	
0.000000	
0.000000	
-0.000000	
0.000000	
0.108876	
0.001285	
0.000000	
0.071287	
0.000000	
0.029756	
0.000000	
0.000000	
0.000000	
-0.000000	
0.000000	
-0.000000	
0.000000	
-0.000000	
0.093383	
0.000000	
-0.000000	
0.000000	
0.000000	
0.000000	
0.000000	
-0.000000	
0.000000	
0.000000	
0.000000	
0.000000	
0.000000	
0.000000	
0.000000	
-0.000000	
0.000000	
0.000000	
-0.000000	
0.000000	
0.000000	
-0.000000	
-0.000000	
0.000000	
-0.000000	
0.000000	
0.000000	
0.000000	
0.000000	
0.099490	
0.000000	
-0.000000	
0.000000	
0.000000	
0.000000	
0.000000	
0.000000	
0.000000	
