0.103729	
0.000000	
0.000000	
0.000000	
0.000000	
0.000000	
0.000000	
0.000000	
0.000000	
0.000000	
0.000000	
0.031581	
0.000000	
0.000000	
0.000000	
0.139488	
0.000000	
0.000000	
0.000000	
0.075416	
0.011291	
0.032143	
0.000000	
0.000000	
0.000000	
0.148425	
0.000000	
0.000000	
0.000000	
0.000000	
0.086190	
0.013234	
0.000000	
0.086957	
0.000000	
0.017060	
0.000000	
0.000000	
0.000000	
0.000000	
0.000000	
0.000000	
0.000000	
0.000000	
0.142129	
-0.000000	
0.000000	
0.000000	
0.000000	
0.000000	
0.000000	
0.000000	
-0.000000	
0.000000	
0.000000	
0.000000	
0.000000	
0.000000	
0.000000	
0.000000	
0.000000	
-0.000000	
0.000000	
0.000000	
0.000000	
0.000000	
0.000000	
0.000000	
0.000000	
0.000000	
0.000000	
0.000000	
0.000000	
0.096026	
0.000000	
0.000000	
0.000000	
0.000000	
0.016331	
0.000000	
0.000000	
0.000000	
