0.136492	
-0.000000	
-0.000000	
0.000000	
0.000000	
0.000000	
-0.000000	
0.003376	
-0.000000	
-0.000000	
0.000000	
0.023165	
0.000000	
0.000000	
-0.000000	
0.080033	
0.000000	
0.000000	
-0.000000	
0.084299	
0.012599	
0.041053	
0.000000	
-0.000000	
0.000000	
0.071268	
-0.000000	
0.000000	
0.000000	
-0.000000	
0.112355	
0.117676	
0.000000	
0.095010	
0.000000	
0.016936	
-0.000000	
-0.000000	
-0.000000	
0.007596	
0.000000	
-0.000000	
0.000000	
0.000000	
0.079919	
0.000000	
0.000000	
0.000000	
0.000000	
0.026674	
-0.000000	
0.000000	
0.000000	
0.000000	
0.000000	
0.023708	
0.000000	
-0.000000	
0.000000	
0.000000	
0.000000	
0.000000	
0.000000	
0.000000	
-0.000000	
-0.000000	
0.000000	
0.000000	
0.000000	
0.000000	
0.000000	
0.000000	
0.000000	
0.067840	
0.000000	
0.000000	
0.000000	
0.000000	
0.000000	
0.000000	
0.000000	
0.000000	
