0.108812	
0.000000	
-0.000000	
-0.000000	
0.000000	
0.000000	
-0.000000	
-0.000000	
0.000000	
0.000000	
-0.000000	
0.003445	
-0.000000	
0.000000	
0.000000	
0.078078	
0.000000	
-0.000000	
-0.000000	
0.104006	
0.001856	
0.047613	
0.000000	
-0.000000	
-0.000000	
0.081710	
-0.000000	
-0.000000	
0.000000	
-0.000000	
0.132523	
0.095439	
0.000000	
0.097415	
-0.000000	
0.029887	
0.000000	
0.000000	
0.000000	
0.000311	
-0.000000	
-0.000000	
0.000000	
-0.000000	
0.124979	
0.000000	
-0.000000	
-0.000000	
0.000000	
0.038688	
-0.000000	
-0.000000	
-0.000000	
-0.000000	
0.000000	
-0.000000	
0.000000	
0.000000	
-0.000000	
-0.000000	
0.000000	
0.000000	
-0.000000	
-0.000000	
-0.000000	
-0.000000	
-0.000000	
-0.000000	
-0.000000	
-0.000000	
-0.000000	
0.000000	
0.000000	
0.055239	
-0.000000	
0.000000	
0.000000	
-0.000000	
0.000000	
0.000000	
0.000000	
0.000000	
