0.131863	
0.000000	
0.000000	
0.000000	
0.000000	
0.000000	
0.000000	
0.015410	
0.000000	
0.000000	
0.000000	
0.018902	
0.000000	
0.000000	
0.000000	
0.059577	
-0.000000	
0.000000	
0.000000	
0.089618	
0.019093	
0.023298	
-0.000000	
0.000000	
0.000000	
0.071790	
0.000000	
0.000000	
0.000000	
0.000000	
0.081797	
0.089326	
0.000000	
0.095005	
0.000000	
0.013550	
0.000000	
0.000000	
0.000000	
0.010080	
-0.000000	
0.000000	
-0.000000	
0.000000	
0.128520	
0.000000	
0.000000	
0.000000	
0.000000	
0.038912	
0.000000	
-0.000000	
0.000000	
0.000000	
0.000000	
0.041133	
0.000000	
0.000000	
0.000000	
0.000000	
0.000000	
0.000000	
-0.000000	
0.000000	
-0.000000	
0.000000	
0.000000	
0.000000	
0.000000	
0.000000	
-0.000000	
-0.000000	
-0.000000	
0.063693	
0.000000	
0.000000	
0.000000	
0.000000	
0.008431	
0.000000	
0.000000	
0.000000	
