0.139575	
0.000000	
0.000000	
-0.000000	
0.000000	
0.000000	
0.000000	
0.020483	
0.000000	
0.000000	
-0.000000	
0.013987	
0.000000	
0.000000	
0.000000	
0.082478	
0.000000	
0.000000	
0.000000	
0.073765	
0.019870	
0.024386	
0.000000	
0.000000	
0.000000	
0.091885	
0.000000	
0.000000	
-0.000000	
-0.000000	
0.116256	
0.090246	
-0.000000	
0.083304	
-0.000000	
0.015154	
0.000000	
-0.000000	
0.000000	
0.004783	
-0.000000	
0.000000	
0.000000	
-0.000000	
0.107782	
0.000000	
-0.000000	
-0.000000	
0.000000	
0.024936	
0.000000	
-0.000000	
0.000000	
-0.000000	
-0.000000	
0.018283	
-0.000000	
0.000000	
-0.000000	
0.000000	
-0.000000	
0.000000	
0.000000	
-0.000000	
-0.000000	
0.000000	
0.000000	
0.000000	
0.000000	
0.000000	
-0.000000	
0.000000	
-0.000000	
0.066464	
-0.000000	
-0.000000	
0.000000	
-0.000000	
0.006363	
0.000000	
0.000000	
-0.000000	
