0.129686	
0.000000	
0.000000	
-0.000000	
0.000000	
0.000000	
0.000000	
0.000000	
0.000000	
-0.000000	
0.000000	
0.035834	
0.000000	
0.000000	
0.000000	
0.089330	
0.000000	
0.000000	
-0.000000	
0.065896	
0.034995	
0.016966	
0.000000	
-0.000000	
0.000000	
0.118900	
0.000000	
0.000000	
0.000000	
0.000000	
0.108237	
0.072012	
0.000000	
0.100737	
0.000000	
0.012072	
0.000000	
0.000000	
0.000000	
0.001890	
0.000000	
0.000000	
0.000000	
0.000000	
0.126031	
0.000000	
0.000000	
0.000000	
0.000000	
0.000000	
0.000000	
0.000000	
-0.000000	
0.000000	
0.000000	
0.000000	
-0.000000	
-0.000000	
0.000000	
0.000000	
0.000000	
-0.000000	
0.000000	
0.000000	
0.000000	
0.000000	
0.000000	
-0.000000	
0.000000	
0.000000	
0.000000	
-0.000000	
0.000000	
0.073870	
-0.000000	
-0.000000	
0.000000	
-0.000000	
0.013545	
0.000000	
0.000000	
0.000000	
