0.126598	
0.000000	
0.000000	
0.000000	
-0.000000	
0.000000	
0.000000	
0.000000	
0.000000	
0.000000	
-0.000000	
0.011000	
-0.000000	
-0.000000	
0.000000	
0.092028	
0.000000	
0.000000	
0.000000	
0.087235	
0.000000	
0.040720	
0.000000	
0.000000	
0.000000	
0.080758	
0.000000	
0.000000	
0.000000	
-0.000000	
0.130087	
0.127372	
-0.000000	
0.085880	
0.000000	
0.026358	
0.000000	
0.000000	
0.003542	
0.000001	
-0.000000	
0.000000	
0.000000	
0.000000	
0.109832	
0.000000	
-0.000000	
0.000000	
-0.000000	
0.033551	
0.000000	
0.000000	
0.000000	
-0.000000	
0.000000	
0.007263	
0.000000	
0.000000	
0.000000	
0.000000	
0.000000	
-0.000000	
0.000000	
-0.000000	
0.000000	
0.000000	
0.000000	
0.000000	
0.000000	
0.000000	
0.000000	
-0.000000	
0.000000	
0.037775	
0.000000	
0.000000	
-0.000000	
-0.000000	
0.000000	
0.000000	
0.000000	
0.000000	
