0.140470	
-0.000000	
0.000000	
0.000000	
-0.000000	
-0.000000	
0.000000	
0.003595	
0.000000	
0.000000	
-0.000000	
0.012939	
-0.000000	
-0.000000	
0.000000	
0.077369	
-0.000000	
0.000000	
0.000000	
0.086824	
0.010074	
0.046761	
0.000000	
0.000000	
0.000000	
0.075237	
0.000000	
-0.000000	
0.000000	
0.000000	
0.119073	
0.125074	
0.000000	
0.086233	
0.000000	
0.009177	
-0.000000	
0.000000	
-0.000000	
0.003950	
-0.000000	
-0.000000	
-0.000000	
0.000000	
0.076095	
0.000000	
-0.000000	
-0.000000	
0.000000	
0.034420	
-0.000000	
-0.000000	
-0.000000	
-0.000000	
0.000000	
0.008462	
0.000000	
0.000000	
-0.000000	
0.000000	
0.000000	
0.000000	
0.000000	
-0.000000	
0.000000	
0.000000	
-0.000000	
0.000000	
-0.000000	
0.000000	
0.000000	
-0.000000	
-0.000000	
0.084247	
0.000000	
-0.000000	
0.000000	
-0.000000	
0.000000	
0.000000	
-0.000000	
0.000000	
