0.141229	
0.000000	
0.000000	
0.000000	
0.000000	
0.000000	
0.000000	
0.000000	
0.000000	
0.000000	
0.000000	
0.047316	
0.000000	
0.000000	
0.000000	
0.079154	
0.000000	
0.000000	
0.000000	
0.076989	
0.028859	
0.018041	
0.000000	
0.000000	
0.000000	
0.096796	
0.000000	
0.000000	
0.000000	
0.000000	
0.114038	
0.055589	
0.000000	
0.085413	
0.000000	
0.018567	
0.000000	
0.000000	
0.000000	
0.017188	
0.000000	
0.000000	
0.000000	
0.000000	
0.147330	
0.000000	
0.000000	
0.000000	
0.000000	
0.004620	
0.000000	
0.000000	
0.000000	
0.000000	
0.000000	
0.000048	
0.000000	
0.000000	
0.000000	
0.000000	
0.000000	
0.000000	
0.000000	
0.000000	
0.000000	
0.000000	
0.000000	
0.000000	
0.000000	
0.000000	
0.000000	
0.000000	
0.000000	
0.054857	
0.000000	
0.000000	
0.000000	
0.000000	
0.013967	
0.000000	
0.000000	
0.000000	
