0.112788	
0.000000	
-0.000000	
-0.000000	
0.000000	
-0.000000	
0.000000	
0.022937	
0.000000	
0.000000	
0.000000	
0.040870	
0.000000	
-0.000000	
-0.000000	
0.125267	
-0.000000	
0.000000	
0.000000	
0.079611	
0.011473	
0.024108	
0.000000	
0.000000	
-0.000000	
0.137127	
0.000000	
0.000000	
-0.000000	
-0.000000	
0.091898	
0.067838	
0.000000	
0.100439	
-0.000000	
0.014363	
-0.000000	
-0.000000	
-0.000000	
0.000000	
0.000000	
0.000000	
0.000000	
0.000000	
0.087046	
0.000000	
0.000000	
0.000000	
0.000000	
0.000000	
-0.000000	
-0.000000	
0.000000	
0.000000	
0.000000	
0.000000	
0.000000	
0.000000	
0.000000	
0.000000	
-0.000000	
0.000000	
0.000000	
0.000000	
0.000000	
-0.000000	
0.000000	
0.000000	
0.000000	
0.000000	
0.000000	
0.000000	
0.000000	
0.066425	
0.000000	
0.000000	
-0.000000	
0.000000	
0.017811	
-0.000000	
-0.000000	
-0.000000	
