0.140191	
-0.000000	
0.000000	
0.000000	
-0.000000	
-0.000000	
0.000000	
-0.000000	
0.000000	
0.000000	
-0.000000	
0.040082	
-0.000000	
0.000000	
0.000000	
0.072715	
0.000000	
-0.000000	
0.000000	
0.075680	
0.032577	
0.014262	
-0.000000	
-0.000000	
-0.000000	
0.101890	
0.000000	
0.000000	
-0.000000	
-0.000000	
0.112218	
0.057120	
0.000000	
0.090337	
-0.000000	
0.018581	
0.000000	
-0.000000	
0.000000	
0.011706	
0.000000	
0.000000	
0.000000	
0.000000	
0.148914	
-0.000000	
-0.000000	
-0.000000	
0.000000	
0.005746	
0.000000	
-0.000000	
-0.000000	
-0.000000	
0.000000	
0.019359	
-0.000000	
-0.000000	
-0.000000	
0.000000	
-0.000000	
-0.000000	
0.000000	
-0.000000	
-0.000000	
0.000000	
0.000000	
-0.000000	
0.000000	
-0.000000	
-0.000000	
0.000000	
0.000000	
0.045054	
0.000000	
0.000000	
-0.000000	
0.000000	
0.013566	
-0.000000	
-0.000000	
0.000000	
