0.129381	
-0.000000	
-0.000000	
-0.000000	
0.000000	
0.000000	
0.000000	
0.012084	
0.000000	
0.000000	
0.000000	
0.013877	
0.000000	
0.000000	
0.000000	
0.075153	
-0.000000	
0.000000	
0.000000	
0.090129	
0.019452	
0.035065	
0.000000	
0.000000	
-0.000000	
0.064829	
0.000000	
0.000000	
0.000000	
0.000000	
0.086302	
0.102396	
-0.000000	
0.096144	
-0.000000	
0.010480	
-0.000000	
0.000000	
0.000000	
0.015580	
0.000000	
0.000000	
-0.000000	
-0.000000	
0.103514	
-0.000000	
-0.000000	
0.000000	
-0.000000	
0.041098	
0.000000	
-0.000000	
-0.000000	
-0.000000	
-0.000000	
0.026807	
0.000000	
0.000000	
0.000000	
-0.000000	
-0.000000	
0.000000	
0.000000	
-0.000000	
-0.000000	
0.000000	
-0.000000	
-0.000000	
0.000000	
0.000000	
0.000000	
-0.000000	
0.000000	
0.064850	
0.000000	
0.000000	
-0.000000	
-0.000000	
0.012856	
-0.000000	
0.000000	
0.000000	
