0.109473	
0.000000	
0.000000	
0.000000	
0.000000	
0.000000	
-0.000000	
0.014609	
0.000000	
0.000000	
0.000000	
0.028522	
0.000000	
-0.000000	
0.000000	
0.124996	
0.000000	
0.000000	
0.000000	
0.080323	
0.013733	
0.025635	
0.000000	
0.000000	
0.000000	
0.126183	
0.000000	
0.000000	
0.000000	
0.000000	
0.073544	
0.047116	
0.000000	
0.098398	
0.000000	
0.019043	
0.000000	
0.000000	
0.000000	
0.007430	
0.000000	
-0.000000	
0.000000	
0.000000	
0.119378	
0.000000	
0.000000	
0.000000	
0.000000	
0.012014	
0.000000	
0.000000	
0.000000	
0.000000	
0.000000	
0.000000	
0.000000	
0.000000	
0.000000	
0.000000	
0.000000	
0.000000	
0.000000	
0.000000	
0.000000	
0.000000	
0.000000	
0.000000	
0.000000	
-0.000000	
0.000000	
0.000000	
0.000000	
0.085304	
0.000000	
0.000000	
0.000000	
0.000000	
0.014298	
0.000000	
0.000000	
0.000000	
