0.136994	
0.000000	
0.000000	
0.000000	
0.000000	
0.000000	
0.000000	
0.006668	
0.000000	
0.000000	
0.000000	
0.025185	
0.000000	
0.000000	
0.000000	
0.071235	
0.000000	
0.000000	
0.000000	
0.088045	
0.012799	
0.025999	
0.000000	
0.000000	
0.000000	
0.081055	
0.000000	
0.000000	
0.000000	
0.000000	
0.095849	
0.089836	
0.000000	
0.091179	
0.000000	
0.011777	
0.000000	
0.000000	
0.000000	
0.004243	
0.000000	
0.000000	
0.000000	
0.000000	
0.113417	
0.000000	
0.000000	
0.000000	
0.000000	
0.031816	
0.000000	
0.000000	
0.000000	
0.000000	
0.000000	
0.035755	
0.000000	
0.000000	
0.000000	
0.000000	
0.000000	
0.000000	
0.000000	
0.000000	
0.000000	
0.000000	
0.000000	
0.000000	
0.000000	
0.000000	
0.000000	
0.000000	
0.000000	
0.067095	
0.000000	
0.000000	
0.000000	
0.000000	
0.011052	
0.000000	
0.000000	
0.000000	
