0.013745	
0.016436	
0.006161	
0.021530	
0.005961	
0.000000	
0.007307	
0.024960	
0.028890	
0.017555	
0.014624	
0.012965	
0.001587	
0.022996	
0.002790	
0.000850	
0.012568	
0.007321	
0.016926	
0.003448	
0.002039	
0.015661	
0.010472	
0.000000	
0.029388	
0.009177	
0.008928	
0.016506	
0.022475	
0.017667	
0.002491	
0.012304	
0.034730	
0.006202	
0.005355	
0.000000	
0.003201	
0.042982	
0.013047	
0.000700	
0.010832	
0.007179	
0.008194	
0.008166	
0.013695	
0.013951	
0.009653	
0.003500	
0.015108	
0.000000	
0.016631	
0.002250	
0.009858	
0.003699	
0.010225	
0.002037	
0.014678	
0.002352	
0.012043	
0.026424	
0.003468	
0.007308	
0.010483	
0.020080	
0.015911	
0.009122	
0.008286	
0.007870	
0.007323	
0.019301	
0.015746	
0.006230	
0.017405	
0.000000	
0.011594	
0.017614	
0.024760	
0.003190	
0.000322	
0.018676	
0.014288	
0.005482	
0.012705	
0.011126	
0.012196	
0.004972	
0.011419	
0.011436	
0.009267	
