0.013971	
0.019641	
0.004079	
0.019434	
0.001431	
0.000000	
0.006007	
0.026125	
0.031738	
0.016225	
0.015507	
0.010167	
0.013496	
0.024114	
0.004642	
0.000000	
0.006159	
0.004199	
0.019703	
0.005933	
0.000000	
0.018493	
0.010871	
0.002412	
0.028506	
0.014204	
0.008886	
0.016491	
0.018614	
0.019906	
0.003254	
0.013141	
0.035711	
0.000000	
0.000610	
0.000000	
0.008530	
0.044310	
0.014477	
0.000000	
0.009380	
0.005729	
0.007596	
0.013382	
0.014987	
0.022791	
0.006010	
0.001752	
0.016475	
0.003687	
0.018273	
0.006337	
0.009386	
0.000000	
0.008688	
0.000000	
0.016563	
0.004529	
0.009032	
0.029997	
0.000086	
0.005600	
0.008179	
0.022249	
0.020307	
0.010972	
0.010508	
0.004441	
0.006879	
0.021351	
0.013706	
0.007109	
0.019594	
0.000000	
0.008196	
0.015084	
0.026967	
0.001517	
0.000116	
0.019880	
0.017078	
0.003124	
0.000996	
0.009692	
0.007652	
0.006435	
0.009979	
0.011550	
0.005172	
