0.013257	
0.019698	
0.002109	
0.020269	
0.003696	
0.000000	
0.005753	
0.026942	
0.032856	
0.016679	
0.015717	
0.009745	
0.011879	
0.025303	
0.004242	
0.000000	
0.004710	
0.004025	
0.019223	
0.006243	
0.000000	
0.017453	
0.010394	
0.000943	
0.029002	
0.015822	
0.008327	
0.016579	
0.020236	
0.018927	
0.005294	
0.014317	
0.039029	
0.000000	
0.000606	
0.000000	
0.008003	
0.044811	
0.013207	
0.000000	
0.009187	
0.006113	
0.006176	
0.013946	
0.014453	
0.024216	
0.005725	
0.001523	
0.016744	
0.004580	
0.017939	
0.005390	
0.008446	
0.000000	
0.007713	
0.001745	
0.017770	
0.003812	
0.008536	
0.030910	
0.000000	
0.006189	
0.007260	
0.022646	
0.021713	
0.009499	
0.009105	
0.003865	
0.008099	
0.021917	
0.013631	
0.006532	
0.019525	
0.000000	
0.007622	
0.016345	
0.027177	
0.001541	
0.000397	
0.018610	
0.016039	
0.001390	
0.000400	
0.010277	
0.006830	
0.005682	
0.011533	
0.011267	
0.004689	
