0.012667	
0.016201	
0.007612	
0.019271	
0.009665	
0.002435	
0.009013	
0.020379	
0.024046	
0.016000	
0.013195	
0.013886	
0.003241	
0.019452	
0.002999	
0.005816	
0.010370	
0.009787	
0.017915	
0.002754	
0.005662	
0.007338	
0.012203	
0.006822	
0.021378	
0.008567	
0.009134	
0.014997	
0.023358	
0.014003	
0.007399	
0.010655	
0.031179	
0.000000	
0.005565	
0.000050	
0.007088	
0.037027	
0.014937	
0.002535	
0.011020	
0.008673	
0.007841	
0.006436	
0.013234	
0.012529	
0.009516	
0.007135	
0.014622	
0.015830	
0.016494	
0.000000	
0.009058	
0.005709	
0.013101	
0.005919	
0.011654	
0.003703	
0.013598	
0.022846	
0.006977	
0.012031	
0.012124	
0.017759	
0.013541	
0.012019	
0.009224	
0.010974	
0.009828	
0.014268	
0.015488	
0.013092	
0.015396	
0.003327	
0.009041	
0.017363	
0.017588	
0.000318	
0.006084	
0.015707	
0.012086	
0.000448	
0.000000	
0.014752	
0.015397	
0.005438	
0.009656	
0.011578	
0.012981	
