0.014357	
0.018392	
0.007141	
0.018764	
0.008167	
0.000000	
0.007705	
0.024763	
0.025242	
0.016874	
0.014156	
0.012961	
0.002787	
0.022170	
0.003768	
0.001529	
0.005595	
0.006228	
0.017476	
0.006304	
0.002741	
0.014420	
0.011083	
0.002796	
0.025197	
0.011158	
0.010075	
0.014538	
0.021454	
0.017378	
0.003942	
0.013714	
0.031270	
0.005044	
0.005071	
0.000776	
0.004670	
0.041000	
0.014212	
0.004997	
0.009943	
0.009058	
0.008281	
0.009319	
0.015405	
0.014095	
0.008517	
0.006022	
0.015904	
0.001718	
0.015787	
0.003281	
0.009550	
0.005196	
0.011784	
0.004193	
0.014616	
0.005047	
0.012123	
0.022309	
0.004993	
0.006993	
0.009855	
0.021245	
0.017781	
0.008789	
0.009028	
0.007016	
0.008917	
0.019066	
0.015188	
0.005239	
0.017551	
0.000750	
0.012232	
0.016110	
0.021598	
0.006924	
0.002039	
0.018632	
0.013188	
0.000000	
0.003044	
0.010399	
0.011990	
0.006126	
0.013572	
0.009896	
0.009776	
