0.015110	
0.018035	
0.007834	
0.018647	
0.008875	
0.000000	
0.008932	
0.024866	
0.026254	
0.016688	
0.012343	
0.015095	
0.002196	
0.022685	
0.003588	
0.002374	
0.006451	
0.007530	
0.015919	
0.004950	
0.002439	
0.012259	
0.011101	
0.003438	
0.025727	
0.011152	
0.009789	
0.014212	
0.021491	
0.017569	
0.003867	
0.013734	
0.031888	
0.004054	
0.005211	
0.000111	
0.002144	
0.041631	
0.015086	
0.009271	
0.010691	
0.008480	
0.007983	
0.007409	
0.015468	
0.012940	
0.009108	
0.003767	
0.016900	
0.000969	
0.016842	
0.002076	
0.010040	
0.006024	
0.011862	
0.004371	
0.013632	
0.003494	
0.011498	
0.023143	
0.004740	
0.007933	
0.010270	
0.021578	
0.016929	
0.009583	
0.008662	
0.007480	
0.007931	
0.017941	
0.015944	
0.006658	
0.016482	
0.001142	
0.012250	
0.016678	
0.021753	
0.008216	
0.001762	
0.018659	
0.014214	
0.000000	
0.001190	
0.010045	
0.012681	
0.004785	
0.013468	
0.010534	
0.009245	
