0.011874	
0.016768	
0.006560	
0.018620	
0.008619	
0.001824	
0.007930	
0.020205	
0.024716	
0.015448	
0.012078	
0.014497	
0.003743	
0.019510	
0.002962	
0.004646	
0.010171	
0.009360	
0.017297	
0.004175	
0.004583	
0.008118	
0.012409	
0.006562	
0.022500	
0.008761	
0.008482	
0.015552	
0.024302	
0.014393	
0.006601	
0.011265	
0.031271	
-0.000000	
0.004814	
0.000000	
0.005196	
0.038093	
0.015017	
0.003579	
0.011690	
0.008970	
0.007316	
0.006231	
0.014063	
0.012686	
0.010036	
0.005705	
0.014852	
0.015175	
0.015861	
0.000695	
0.008800	
0.005268	
0.014049	
0.005312	
0.011876	
0.003106	
0.014678	
0.023225	
0.006122	
0.012640	
0.012601	
0.019578	
0.014454	
0.012759	
0.009196	
0.012043	
0.009129	
0.014909	
0.014602	
0.014020	
0.014519	
0.002110	
0.009917	
0.016729	
0.017993	
0.001915	
0.005474	
0.016360	
0.010592	
0.000039	
0.000000	
0.014843	
0.014259	
0.005804	
0.010813	
0.011144	
0.013346	
