0.013225	
0.016213	
0.007101	
0.018399	
0.009664	
0.000910	
0.008211	
0.021696	
0.024725	
0.015687	
0.011993	
0.014310	
0.004236	
0.021063	
0.003588	
0.003838	
0.010984	
0.008609	
0.016774	
0.003793	
0.003560	
0.010613	
0.012856	
0.006441	
0.023086	
0.009007	
0.008686	
0.014589	
0.023442	
0.015109	
0.006560	
0.012259	
0.030839	
0.000222	
0.005241	
0.000000	
0.003985	
0.038439	
0.015212	
0.004000	
0.011189	
0.008476	
0.007888	
0.007344	
0.014676	
0.012993	
0.009798	
0.005817	
0.015624	
0.011581	
0.016046	
0.000000	
0.008790	
0.005733	
0.013268	
0.005629	
0.011873	
0.002134	
0.013790	
0.023337	
0.005891	
0.010800	
0.011766	
0.020387	
0.014402	
0.012478	
0.009716	
0.010053	
0.009645	
0.015911	
0.015334	
0.015966	
0.015121	
0.001501	
0.009368	
0.016070	
0.018441	
0.002248	
0.004487	
0.017671	
0.010499	
0.000000	
0.000000	
0.012883	
0.013537	
0.006220	
0.010543	
0.011417	
0.012495	
