0.014734	
0.016597	
0.007100	
0.018913	
0.008260	
0.000000	
0.007478	
0.024849	
0.025365	
0.016928	
0.013430	
0.013244	
0.003018	
0.022251	
0.004119	
0.001740	
0.006035	
0.006064	
0.017015	
0.006108	
0.002331	
0.014361	
0.011140	
0.003087	
0.025010	
0.010738	
0.009778	
0.014509	
0.021974	
0.017558	
0.004438	
0.013453	
0.031416	
0.006284	
0.004943	
0.000609	
0.004354	
0.041362	
0.014228	
0.005938	
0.010133	
0.009277	
0.008419	
0.009222	
0.015629	
0.013714	
0.008850	
0.006215	
0.016341	
0.000012	
0.016144	
0.002631	
0.009562	
0.004988	
0.011654	
0.003955	
0.014280	
0.005277	
0.011966	
0.022628	
0.004746	
0.007163	
0.009945	
0.021090	
0.017192	
0.009331	
0.008988	
0.007132	
0.008875	
0.018450	
0.015260	
0.004836	
0.017641	
0.000459	
0.012317	
0.016495	
0.021360	
0.009156	
0.001839	
0.018557	
0.013594	
0.000000	
0.003441	
0.010388	
0.010987	
0.006413	
0.013381	
0.009649	
0.009662	
