0.014526	
0.015916	
0.009964	
0.019094	
0.009197	
0.001229	
0.009602	
0.022705	
0.023700	
0.016587	
0.013426	
0.013956	
0.002798	
0.020069	
0.003854	
0.004848	
0.006462	
0.009080	
0.016396	
0.004639	
0.005103	
0.012466	
0.011363	
0.006346	
0.023691	
0.011373	
0.009639	
0.013210	
0.018096	
0.016619	
0.005156	
0.013240	
0.029132	
0.000298	
0.006772	
0.003005	
0.006021	
0.035240	
0.014815	
0.004726	
0.012107	
0.008791	
0.008937	
0.006676	
0.014715	
0.014311	
0.010777	
0.005922	
0.015705	
0.002327	
0.016064	
0.002344	
0.009961	
0.006474	
0.011983	
0.005671	
0.013512	
0.004847	
0.012581	
0.021641	
0.006500	
0.009560	
0.011425	
0.019075	
0.016648	
0.010384	
0.010557	
0.008848	
0.008434	
0.016447	
0.015621	
0.004481	
0.016299	
0.003138	
0.011400	
0.016268	
0.020033	
0.003202	
0.004386	
0.017534	
0.014720	
0.000000	
0.000000	
0.011025	
0.013360	
0.006370	
0.011788	
0.011740	
0.011049	
