0.014672	
0.015798	
0.009926	
0.019383	
0.008952	
0.001822	
0.009565	
0.022406	
0.022959	
0.017033	
0.013493	
0.013625	
0.002814	
0.020141	
0.004167	
0.004995	
0.005985	
0.009320	
0.016269	
0.004531	
0.005681	
0.013094	
0.011278	
0.006002	
0.023688	
0.011029	
0.010003	
0.012814	
0.017399	
0.016834	
0.004943	
0.013525	
0.028910	
0.000769	
0.007211	
0.003842	
0.006302	
0.034435	
0.014553	
0.004124	
0.011958	
0.008690	
0.009559	
0.006796	
0.014949	
0.014612	
0.010942	
0.006255	
0.015653	
0.002008	
0.016217	
0.003064	
0.009990	
0.006808	
0.012156	
0.005650	
0.013219	
0.005239	
0.012379	
0.021053	
0.006699	
0.009074	
0.011516	
0.019119	
0.016548	
0.009838	
0.010948	
0.008396	
0.007996	
0.016363	
0.015888	
0.003921	
0.016540	
0.003828	
0.011002	
0.016388	
0.019729	
0.002668	
0.004528	
0.017508	
0.015094	
0.000000	
0.000000	
0.010640	
0.013103	
0.006403	
0.011900	
0.011986	
0.010886	
