0.000000	
0.000000	
0.185869	
0.000000	
0.000000	
0.000000	
0.216824	
0.000000	
0.000000	
0.000000	
0.000000	
0.000000	
0.029979	
0.000000	
0.000000	
0.000000	
0.000000	
0.000000	
0.000000	
-0.000000	
0.000000	
0.000000	
0.000000	
0.000000	
-0.000000	
0.000000	
0.000000	
0.000000	
0.000000	
0.000000	
0.000000	
0.038724	
0.000000	
0.000000	
0.000000	
0.000000	
0.000000	
0.000000	
0.000000	
0.000000	
0.000000	
0.000000	
0.000000	
0.000000	
0.000000	
0.116963	
0.000000	
0.000000	
0.000000	
0.000000	
0.000000	
0.000000	
0.000000	
0.000000	
-0.000000	
0.000000	
0.000000	
0.111589	
0.000000	
-0.000000	
0.000000	
0.000000	
0.000000	
0.177473	
0.059183	
0.000000	
-0.000000	
0.000000	
0.000000	
0.013034	
0.000000	
0.050363	
0.000000	
0.000000	
0.000000	
0.000000	
-0.000000	
0.000000	
0.000000	
0.000000	
0.000000	
0.000000	
0.000000	
-0.000000	
0.000000	
