0.000000	
0.000000	
0.134765	
0.000000	
-0.000000	
0.000000	
0.181525	
0.000000	
0.000000	
0.000000	
0.000000	
0.000000	
0.008011	
-0.000000	
0.000000	
0.000000	
0.000000	
0.000000	
0.000000	
0.000000	
0.000000	
0.000000	
0.000000	
0.000000	
0.000000	
0.000000	
0.000000	
0.000000	
0.016537	
0.000000	
0.000000	
0.060345	
0.000000	
0.000000	
0.000000	
0.000000	
0.000000	
0.000000	
0.000000	
0.000000	
0.000000	
0.000000	
0.000000	
0.000000	
0.000000	
0.170491	
-0.000000	
0.000000	
0.000000	
0.000000	
-0.000000	
0.000000	
0.000000	
0.000000	
0.000000	
0.000000	
0.000000	
0.153722	
0.000000	
0.000000	
0.000000	
0.000000	
0.000000	
0.221195	
0.031353	
0.000000	
0.000000	
0.000000	
0.000000	
0.000000	
0.000000	
0.008698	
0.000000	
0.000000	
0.000000	
0.000000	
0.000000	
0.000000	
0.000000	
0.013359	
0.000000	
0.000000	
0.000000	
0.000000	
0.000000	
