0.000000	
0.000000	
0.133501	
0.000000	
0.000000	
-0.000000	
0.139572	
0.000000	
0.000000	
0.000000	
0.000000	
0.000000	
0.000000	
0.000000	
0.000000	
0.000000	
0.000000	
0.008311	
0.000000	
0.000000	
0.000000	
0.000000	
0.000000	
0.000000	
-0.000000	
0.000000	
0.000000	
0.000000	
0.000000	
0.000000	
0.000000	
0.031353	
0.000000	
0.000000	
0.042439	
0.006678	
0.000000	
0.000000	
0.000000	
0.000000	
0.000000	
0.000000	
0.000000	
0.000000	
0.000000	
0.180571	
0.000000	
0.000000	
0.000000	
0.000000	
0.000000	
0.000000	
0.000000	
0.000000	
0.000000	
0.000000	
0.000000	
0.082227	
0.000000	
0.000000	
0.000000	
0.011401	
0.000000	
0.263750	
0.013624	
-0.000000	
0.000000	
0.000000	
0.000000	
0.000000	
0.000000	
0.009904	
0.000000	
0.040671	
0.000000	
0.000000	
0.000000	
0.000000	
0.000000	
0.011647	
0.000000	
0.000000	
0.000000	
0.000000	
0.024351	
