0.000000	
0.000000	
0.133301	
0.000000	
0.000000	
0.000000	
0.178900	
0.000000	
0.000000	
0.000000	
0.000000	
0.000000	
0.015111	
0.000000	
0.000000	
0.000000	
0.000000	
0.000000	
0.000000	
0.000000	
0.000000	
0.000000	
0.000000	
0.000000	
0.000000	
0.000000	
0.000000	
0.000000	
0.003926	
0.000000	
0.000000	
0.070744	
0.000000	
0.000000	
0.000000	
0.000000	
0.000000	
0.000000	
0.000000	
0.000000	
0.000000	
0.000000	
0.000000	
-0.000000	
0.000000	
0.164475	
0.000000	
0.000000	
0.000000	
0.000000	
0.000000	
0.000000	
0.000000	
0.000000	
0.000000	
0.000000	
0.000000	
0.156088	
0.000000	
0.000000	
0.000000	
0.000000	
0.000000	
0.197225	
0.028464	
0.000000	
0.000000	
0.000000	
0.000000	
0.000000	
0.000000	
0.017344	
-0.000000	
0.000000	
0.000000	
0.000000	
0.000000	
0.000000	
0.000000	
0.034422	
-0.000000	
0.000000	
0.000000	
0.000000	
0.000000	
