-0.000000	
0.000000	
0.165117	
0.000000	
0.000000	
0.000000	
0.175075	
0.000000	
0.000000	
0.000000	
0.000000	
0.000000	
0.015868	
0.000000	
0.000000	
0.000000	
0.000000	
0.000000	
0.000000	
0.000000	
-0.000000	
0.000000	
0.000000	
0.000000	
0.000000	
0.000000	
0.000000	
0.000000	
0.000000	
0.000000	
0.000000	
0.055311	
0.000000	
0.000000	
0.000000	
0.000000	
0.000000	
0.000000	
0.000000	
0.000000	
0.000000	
0.000000	
0.000000	
0.000000	
0.000000	
0.170690	
0.000000	
0.000000	
0.000000	
0.000000	
0.000000	
0.000000	
0.000000	
0.000000	
0.000000	
0.000000	
0.000000	
0.157088	
0.000000	
-0.000000	
0.000000	
0.000000	
0.000000	
0.184867	
0.065031	
-0.000000	
0.000000	
0.000000	
0.000000	
0.008946	
0.000000	
0.002007	
0.000000	
0.000000	
0.000000	
0.000000	
0.000000	
0.000000	
0.000000	
0.000000	
0.000000	
0.000000	
0.000000	
0.000000	
0.000000	
