-0.000000	
0.000000	
0.124617	
0.000000	
0.000000	
0.000000	
0.130222	
0.000000	
0.000000	
0.000000	
0.000000	
0.000000	
0.000000	
0.000000	
0.000000	
0.000000	
0.000000	
0.000000	
0.000000	
0.000000	
0.000000	
0.000000	
0.000000	
0.000000	
0.000000	
0.000000	
0.000000	
0.000000	
0.000000	
0.000000	
0.000000	
0.039524	
-0.000000	
0.000000	
0.043222	
0.027936	
0.000000	
0.000000	
0.000000	
0.000000	
0.000000	
0.000000	
0.000000	
0.000000	
0.000000	
0.179002	
0.000000	
0.000000	
0.000000	
0.000000	
0.000000	
0.000000	
0.000000	
-0.000000	
0.000000	
0.000000	
0.000000	
0.093346	
0.000000	
0.000000	
0.000000	
0.015568	
0.000000	
0.269727	
0.018607	
0.000000	
0.000000	
0.000000	
0.000000	
0.000000	
0.000000	
0.000000	
0.000000	
0.037175	
0.000000	
0.000000	
0.000000	
0.000000	
0.000000	
0.000835	
0.000000	
0.000000	
0.000000	
0.000000	
0.020217	
