0.004165	
0.014868	
0.071628	
0.000000	
0.000000	
0.006180	
0.042421	
0.000000	
0.000000	
0.000000	
0.001145	
-0.000000	
0.012940	
0.006739	
0.002399	
0.000000	
0.016804	
0.011998	
0.000000	
0.012146	
0.017084	
0.000000	
0.000000	
0.002529	
0.000000	
0.000000	
0.016684	
0.010580	
0.025021	
0.000000	
0.036599	
0.021897	
0.000000	
0.021098	
0.000000	
0.016829	
0.008544	
0.005168	
0.012385	
0.000000	
0.000485	
0.000000	
0.000000	
0.000000	
0.000000	
0.021211	
0.022828	
0.000000	
0.017364	
0.000000	
0.006248	
0.000239	
0.000000	
0.000000	
-0.000000	
0.022850	
0.017819	
0.037592	
0.005418	
0.000000	
0.005713	
0.015316	
0.000000	
0.075953	
0.082780	
0.010404	
0.000000	
0.003508	
0.018696	
0.033668	
0.000000	
0.063873	
0.007447	
0.051648	
0.012755	
0.012826	
0.000000	
0.000000	
0.016010	
0.006611	
0.008780	
0.011747	
0.000000	
0.000000	
0.012359	
