0.003534	
0.013085	
0.071050	
0.000000	
0.006428	
0.008232	
0.044786	
-0.000000	
0.000000	
0.000000	
0.003372	
0.000000	
0.014970	
0.007995	
0.006430	
0.000000	
0.016965	
0.009352	
0.000000	
0.012657	
0.018183	
0.000205	
0.003964	
0.011109	
0.000046	
0.000000	
0.016243	
0.013215	
0.025949	
0.000000	
0.025132	
0.022407	
0.000000	
0.014395	
0.003148	
0.014228	
0.010999	
0.001290	
0.013661	
0.000000	
0.000293	
0.000646	
0.000000	
0.000000	
0.000000	
0.025726	
0.023984	
0.000000	
0.013639	
0.000000	
0.008711	
0.000036	
0.000000	
0.000000	
0.000000	
0.023628	
0.021546	
0.039729	
0.001448	
0.000000	
0.007543	
0.016663	
0.000000	
0.068571	
0.069264	
0.012492	
0.000000	
0.008530	
0.017672	
0.031812	
0.003553	
0.049502	
0.007701	
0.042567	
0.012715	
0.014778	
0.000000	
0.000000	
0.016907	
0.005851	
0.008746	
0.009856	
0.007395	
0.000000	
0.015467	
