0.002926	
0.009847	
0.084227	
0.000000	
0.000000	
0.003006	
0.043583	
0.000453	
0.000000	
0.000000	
0.000226	
0.000000	
0.014592	
0.004166	
0.000000	
0.000000	
0.016396	
0.008928	
0.000000	
0.009064	
0.017326	
0.000000	
0.000000	
0.000000	
0.000000	
0.000000	
0.016362	
0.009474	
0.025788	
0.000000	
0.036448	
0.018903	
0.000000	
0.026862	
0.000000	
0.012227	
0.005344	
0.003200	
0.009654	
0.000000	
0.000142	
0.000000	
0.000000	
0.000000	
0.000000	
0.018462	
0.025379	
0.000000	
0.015698	
0.000000	
0.004983	
0.000074	
0.000000	
0.000052	
0.000000	
0.022034	
0.018768	
0.039525	
0.002618	
0.000000	
0.002674	
0.010041	
0.000000	
0.092688	
0.102064	
0.008435	
0.000000	
0.000000	
0.017434	
0.035821	
0.000000	
0.070418	
0.004969	
0.058604	
0.012946	
0.009746	
0.000000	
0.000000	
0.015495	
0.000000	
0.007158	
0.011952	
0.000000	
0.000000	
0.012815	
