0.012285	
0.004005	
0.044020	
0.000000	
0.002574	
0.011980	
0.034423	
0.003996	
0.000000	
0.000382	
0.007030	
0.000000	
0.015917	
0.011065	
0.008133	
0.000000	
0.021063	
0.013696	
0.000000	
0.018460	
0.021661	
0.000000	
0.006929	
0.003977	
0.000403	
0.002308	
0.016940	
0.011968	
0.024744	
0.000000	
0.025139	
0.020701	
0.000000	
0.025277	
0.009959	
0.017679	
0.013988	
0.000372	
0.015015	
0.003209	
0.000000	
0.000408	
0.000000	
0.000000	
0.000000	
0.022640	
0.023524	
0.000000	
0.018520	
0.000000	
0.013225	
0.002519	
0.000000	
0.000000	
0.000000	
0.024016	
0.023541	
0.026035	
0.000175	
0.000000	
0.009626	
0.017690	
0.000000	
0.060316	
0.058420	
0.015852	
0.006945	
0.008117	
0.020364	
0.024246	
0.006861	
0.044600	
0.013864	
0.042274	
0.013236	
0.013316	
0.000345	
0.000000	
0.017104	
0.010672	
0.011777	
0.002612	
0.002169	
0.000000	
0.015689	
