0.005686	
0.015423	
0.056006	
0.000000	
0.012556	
0.009794	
0.040660	
0.000000	
0.000000	
0.000000	
0.007214	
0.000000	
0.020648	
0.009515	
0.008219	
0.000219	
0.015337	
0.011152	
0.000000	
0.011810	
0.017039	
0.000041	
0.007117	
0.015148	
0.000000	
0.000000	
0.015609	
0.015002	
0.025106	
0.000000	
0.022068	
0.022205	
0.000000	
0.013843	
0.006891	
0.014283	
0.011809	
0.002301	
0.014052	
0.000000	
0.001364	
0.000000	
0.000000	
0.000000	
0.000000	
0.033857	
0.023418	
0.000000	
0.012387	
0.000000	
0.012430	
0.002884	
0.000000	
0.000122	
0.000000	
0.022809	
0.024014	
0.032302	
0.002418	
0.000000	
0.007234	
0.016315	
0.000000	
0.061498	
0.057037	
0.016364	
0.003513	
0.008540	
0.016110	
0.025744	
0.007077	
0.039310	
0.012236	
0.036001	
0.012344	
0.015406	
0.000000	
0.000000	
0.015494	
0.009520	
0.007849	
0.010428	
0.012453	
0.000000	
0.014772	
