0.0000000000	
0.0000000000	
0.0000000000	
0.0000000000	
0.0000000000	
-0.0000000000	
0.0000000000	
0.0000000000	
0.0000000000	
0.0000000000	
0.0000000000	
0.0000000000	
0.0000000000	
0.0000000000	
0.0027567531	
0.3913804747	
0.0000000000	
0.0000000000	
0.0000000000	
0.0000000000	
0.0000000000	
0.0000000000	
-0.0000000000	
0.0000000000	
0.0000000000	
0.0000000000	
-0.0000000000	
0.0000000000	
0.2746813359	
-0.0000000000	
-0.0000000000	
0.0000000000	
0.0000000000	
0.1824856802	
-0.0000000000	
0.0136848814	
0.0000000000	
0.0000000000	
0.0000000000	
0.0614168353	
-0.0000000000	
0.0000000000	
0.0000000000	
0.0000000000	
0.0000000000	
-0.0000000000	
0.0000000000	
0.0735940394	
-0.0000000000	
