0.0000000000	
0.0000000000	
0.0000000000	
-0.0000000000	
0.0293465275	
0.0000000000	
0.0000000000	
0.0000000000	
0.0000000000	
0.0000000000	
0.0000000000	
0.0143398483	
0.0000000000	
-0.0000000000	
0.0013719635	
0.4613293656	
-0.0000000000	
0.0000000000	
0.0000000000	
-0.0000000000	
-0.0000000000	
-0.0000000000	
0.0000000000	
-0.0000000000	
-0.0000000000	
-0.0000000000	
0.0000000000	
0.0000000000	
0.2795165808	
0.0745931402	
-0.0000000000	
-0.0000000000	
0.0000000000	
0.0598205910	
-0.0000000000	
0.0497026881	
0.0000000000	
0.0000000000	
0.0000000000	
0.0000000000	
-0.0000000000	
-0.0000000000	
0.0000000000	
0.0000000000	
0.0000000000	
0.0000000000	
0.0000000000	
0.0000000000	
0.0299792951	
