0.0000000000	
0.0000000000	
0.0000000000	
0.0000000000	
0.0275606386	
0.0000000000	
0.0000000000	
0.0000000000	
0.0000000000	
0.0000000000	
0.0000000000	
0.0374490549	
0.0000000000	
0.0000000000	
0.0079158298	
0.4465488573	
0.0000000000	
0.0000000000	
0.0000000000	
0.0000000000	
0.0000000000	
-0.0000000000	
0.0000000000	
0.0000000000	
0.0000000000	
0.0000000000	
0.0000000000	
0.0000000000	
0.2655074812	
0.0570769384	
0.0000000000	
0.0000000000	
0.0000000000	
0.0663557248	
0.0000000000	
0.0840843688	
0.0000000000	
0.0000000000	
0.0000000000	
0.0047153747	
0.0000000000	
0.0000000000	
0.0000000000	
0.0000000000	
0.0000000000	
-0.0000000000	
0.0000000000	
0.0000000000	
0.0027857315	
