0.1177796267	
0.0000000000	
-0.0000000000	
0.0000000000	
0.0000000000	
0.0000000000	
0.0000000000	
0.0000000000	
0.0000000000	
0.0000000000	
0.0000000000	
0.0595308130	
0.0000000000	
0.0000000000	
0.0000000000	
0.2203796009	
0.0000000000	
0.0000000000	
0.0000000000	
0.0234073516	
0.0182828304	
0.0000000000	
0.0000000000	
0.0000000000	
0.0000000000	
0.1866542552	
0.0000000000	
-0.0000000000	
0.0000000000	
0.0000000000	
0.1351802945	
0.0000000000	
0.0000000000	
-0.0000000000	
0.0000000000	
0.0176832351	
0.0000000000	
0.0000000000	
0.0000000000	
0.0000000000	
0.0000000000	
0.0000000000	
0.0000000000	
0.0000000000	
0.1670180329	
0.0000000000	
0.0000000000	
0.0000000000	
0.0000000000	
0.0000000000	
0.0000000000	
0.0000000000	
0.0000000000	
0.0000000000	
0.0000000000	
0.0116527515	
-0.0000000000	
0.0000000000	
0.0000000000	
0.0000000000	
0.0000000000	
0.0000000000	
0.0000000000	
0.0000000000	
0.0000000000	
0.0000000000	
0.0000000000	
0.0000000000	
0.0000000000	
0.0000000000	
0.0000000000	
0.0000000000	
0.0000000000	
0.0424312082	
0.0000000000	
0.0000000000	
0.0000000000	
0.0000000000	
0.0000000000	
0.0000000000	
0.0000000000	
0.0000000000	
