0.1052699663	
0.0000000000	
0.0000000000	
0.0000000000	
-0.0000000000	
-0.0000000000	
0.0000000000	
0.0000000000	
0.0000000000	
0.0000000000	
0.0000000000	
0.0586564545	
0.0000000000	
0.0000000000	
0.0000000000	
0.1878897141	
0.0000000000	
0.0000000000	
0.0000000000	
0.1413307372	
0.1092943417	
0.0000000000	
0.0000000000	
0.0000000000	
0.0000000000	
0.0894928735	
0.0000000000	
0.0000000000	
0.0000000000	
0.0000000000	
0.0717997450	
0.0000000000	
0.0000000000	
0.0859432264	
0.0000000000	
0.0000000000	
0.0000000000	
0.0000000000	
0.0000000000	
0.0000000000	
0.0000000000	
0.0000000000	
0.0000000000	
0.0000000000	
0.1281261943	
0.0000000000	
0.0000000000	
0.0000000000	
0.0000000000	
0.0000000000	
0.0000000000	
0.0000000000	
0.0000000000	
0.0000000000	
0.0000000000	
0.0000000000	
0.0000000000	
0.0000000000	
0.0000000000	
0.0000000000	
0.0000000000	
0.0000000000	
0.0000000000	
0.0000000000	
0.0000000000	
0.0000000000	
0.0000000000	
0.0000000000	
0.0000000000	
0.0000000000	
0.0000000000	
0.0000000000	
-0.0000000000	
0.0221967469	
0.0000000000	
0.0000000000	
0.0000000000	
0.0000000000	
0.0000000000	
0.0000000000	
0.0000000000	
0.0000000000	
