0.1009697309	
0.0000000000	
0.0000000000	
0.0000000000	
0.0000000000	
0.0000000000	
0.0000000000	
0.0000000000	
0.0000000000	
0.0000000000	
0.0000000000	
0.0959148856	
0.0000000000	
0.0000000000	
0.0000000000	
0.1881486141	
0.0000000000	
0.0000000000	
0.0000000000	
0.1369639773	
0.1100875457	
0.0000000000	
0.0000000000	
0.0000000000	
0.0000000000	
0.0627352344	
0.0000000000	
0.0000000000	
0.0000000000	
0.0000000000	
0.0868811267	
0.0000000000	
0.0000000000	
0.0956640278	
0.0000000000	
0.0040718197	
0.0000000000	
0.0000000000	
0.0000000000	
0.0000000000	
0.0000000000	
0.0000000000	
0.0000000000	
0.0000000000	
0.1166316277	
0.0000000000	
0.0000000000	
0.0000000000	
0.0000000000	
0.0000000000	
0.0000000000	
0.0000000000	
0.0000000000	
0.0000000000	
0.0000000000	
0.0000000000	
0.0000000000	
0.0000000000	
0.0000000000	
0.0000000000	
0.0000000000	
0.0000000000	
0.0000000000	
0.0000000000	
0.0000000000	
0.0000000000	
0.0000000000	
0.0000000000	
0.0000000000	
0.0000000000	
0.0000000000	
0.0000000000	
0.0000000000	
0.0019314100	
0.0000000000	
0.0000000000	
0.0000000000	
0.0000000000	
0.0000000000	
0.0000000000	
0.0000000000	
0.0000000000	
