0.1698646210	
0.0000000000	
0.0000000000	
0.0000000000	
0.0000000000	
0.0000000000	
0.0000000000	
0.0000000000	
0.0000000000	
0.0000000000	
0.0000000000	
0.0210169081	
0.0000000000	
0.0000000000	
0.0000000000	
0.1823678598	
0.0000000000	
0.0000000000	
0.0000000000	
0.0289045411	
0.0127585411	
0.0569573234	
0.0000000000	
0.0000000000	
0.0000000000	
0.1795851705	
0.0000000000	
0.0000000000	
0.0000000000	
0.0000000000	
0.1144175629	
0.0000000000	
0.0000000000	
-0.0000000000	
0.0000000000	
0.0155846815	
0.0000000000	
0.0000000000	
0.0000000000	
0.0000000000	
0.0000000000	
0.0000000000	
0.0000000000	
0.0000000000	
0.1300811635	
0.0000000000	
0.0000000000	
0.0000000000	
0.0000000000	
0.0000000000	
0.0000000000	
0.0000000000	
-0.0000000000	
0.0000000000	
0.0000000000	
0.0261629454	
0.0000000000	
0.0000000000	
0.0000000000	
0.0000000000	
0.0000000000	
0.0000000000	
0.0000000000	
0.0000000000	
0.0000000000	
0.0000000000	
0.0000000000	
0.0000000000	
0.0000000000	
0.0000000000	
0.0000000000	
0.0000000000	
0.0000000000	
0.0622986816	
0.0000000000	
0.0000000000	
0.0000000000	
0.0000000000	
0.0000000000	
0.0000000000	
0.0000000000	
0.0000000000	
