0.1296688397	
0.0000000000	
-0.0000000000	
0.0000000000	
0.0000000000	
0.0000000000	
0.0000000000	
0.0373943696	
0.0000000000	
0.0000000000	
0.0000000000	
0.1013410856	
0.0000000000	
0.0000000000	
0.0000000000	
0.1663320853	
0.0000000000	
0.0000000000	
0.0000000000	
0.1116533908	
0.0000000000	
0.0383672311	
0.0000000000	
0.0000000000	
-0.0000000000	
0.1377759894	
0.0000000000	
0.0000000000	
0.0000000000	
0.0000000000	
0.0936119086	
0.0386504264	
0.0000000000	
0.0504267280	
0.0000000000	
0.0000000000	
0.0000000000	
0.0000000000	
0.0000000000	
0.0000000000	
0.0000000000	
0.0000000000	
0.0000000000	
0.0000000000	
0.0947779455	
0.0000000000	
0.0000000000	
0.0000000000	
0.0000000000	
0.0000000000	
0.0000000000	
0.0000000000	
0.0000000000	
0.0000000000	
0.0000000000	
0.0000000000	
0.0000000000	
0.0000000000	
0.0000000000	
0.0000000000	
0.0000000000	
0.0000000000	
0.0000000000	
0.0000000000	
0.0000000000	
0.0000000000	
0.0000000000	
0.0000000000	
0.0000000000	
0.0000000000	
0.0000000000	
0.0000000000	
0.0000000000	
0.0000000000	
0.0000000000	
0.0000000000	
0.0000000000	
0.0000000000	
0.0000000000	
0.0000000000	
0.0000000000	
0.0000000000	
