0.1122893475	
0.0000000000	
0.0000000000	
0.0000000000	
0.0000000000	
0.0000000000	
0.0000000000	
0.0027089708	
0.0000000000	
0.0000000000	
0.0000000000	
0.1037263738	
0.0000000000	
0.0000000000	
0.0000000000	
0.1188180664	
0.0000000000	
0.0000000000	
0.0000000000	
0.1216087085	
0.0000000000	
0.0476203823	
0.0000000000	
0.0000000000	
0.0000000000	
0.1030531272	
0.0000000000	
0.0000000000	
0.0000000000	
0.0000000000	
0.1069612108	
0.1082767006	
0.0000000000	
0.0361536720	
0.0000000000	
0.0000000000	
0.0000000000	
0.0000000000	
0.0000000000	
0.0000000000	
0.0000000000	
0.0000000000	
0.0000000000	
0.0000000000	
0.1072042116	
0.0000000000	
0.0000000000	
0.0000000000	
0.0000000000	
0.0000000000	
0.0000000000	
0.0000000000	
0.0000000000	
0.0000000000	
0.0000000000	
0.0315792283	
0.0000000000	
0.0000000000	
0.0000000000	
0.0000000000	
0.0000000000	
0.0000000000	
0.0000000000	
0.0000000000	
0.0000000000	
0.0000000000	
0.0000000000	
0.0000000000	
0.0000000000	
0.0000000000	
0.0000000000	
0.0000000000	
0.0000000000	
0.0000000000	
0.0000000000	
0.0000000000	
0.0000000000	
0.0000000000	
0.0000000000	
0.0000000000	
0.0000000000	
0.0000000000	
