0.011230	
0.010295	
0.040429	
0.006210	
0.006898	
0.000748	
0.010669	
0.000000	
0.005611	
0.004745	
0.000970	
0.006375	
0.003235	
0.015429	
0.000000	
0.004477	
0.011975	
0.009160	
0.000000	
0.038361	
0.000000	
0.000000	
0.020343	
0.024459	
0.005199	
0.004860	
0.008001	
0.013409	
0.024285	
0.004559	
0.031167	
0.000000	
0.008680	
0.000000	
0.004657	
0.007752	
0.006712	
0.008105	
0.015150	
0.004744	
0.019942	
0.000000	
0.005934	
0.005160	
0.008538	
0.000000	
0.000686	
0.036731	
0.000000	
0.000000	
0.054911	
0.012561	
0.039096	
0.000000	
0.019009	
0.012853	
0.010337	
0.014224	
0.007123	
0.021762	
0.006639	
0.009649	
0.005461	
0.032013	
0.000000	
0.000000	
0.011809	
0.000000	
0.006147	
0.006431	
0.000000	
0.010885	
0.007362	
0.000000	
0.015547	
0.000000	
0.000000	
0.000109	
0.005288	
0.019009	
0.000000	
0.019634	
0.013846	
0.056371	
0.003927	
0.001634	
0.015972	
0.001372	
0.037121	
0.005827	
0.011725	
0.008964	
0.005647	
0.000589	
0.000705	
0.003501	
0.018782	
0.010272	
