0.013099	
0.013004	
0.024604	
0.008120	
0.010951	
0.004106	
0.011163	
0.002601	
0.008886	
0.001869	
0.004946	
0.007270	
0.006158	
0.015270	
0.000000	
0.005349	
0.010160	
0.011388	
0.000000	
0.029006	
0.002441	
0.000000	
0.022353	
0.019710	
0.006340	
0.003836	
0.007507	
0.013756	
0.015395	
0.006886	
0.026857	
0.000000	
0.010750	
0.000000	
0.007018	
0.008526	
0.005663	
0.009445	
0.012472	
0.003901	
0.019651	
0.001479	
0.008486	
0.005794	
0.007515	
0.000000	
0.003745	
0.030100	
0.000000	
0.000000	
0.050863	
0.013178	
0.031829	
0.000000	
0.021765	
0.015098	
0.013331	
0.011248	
0.007395	
0.020164	
0.009967	
0.013196	
0.009012	
0.013310	
0.002278	
0.000084	
0.008807	
0.000000	
0.010166	
0.007426	
0.000000	
0.012129	
0.014648	
0.000824	
0.018058	
0.005942	
0.003428	
0.004330	
0.009769	
0.010871	
0.002199	
0.011435	
0.013147	
0.045430	
0.009315	
0.011178	
0.014419	
0.002046	
0.031018	
0.006756	
0.011961	
0.006539	
0.008637	
0.000000	
0.004397	
0.003764	
0.014862	
0.016204	
