0.009637	
0.012927	
0.025749	
0.009463	
0.013195	
0.008493	
0.009448	
0.000000	
0.003719	
0.006381	
0.009511	
0.006225	
0.000732	
0.016910	
0.000000	
0.001502	
0.010078	
0.015265	
0.000522	
0.019716	
0.004212	
0.000000	
0.018291	
0.018613	
0.004199	
0.002437	
0.009052	
0.021113	
0.016295	
0.004273	
0.021149	
0.000000	
0.011802	
0.001039	
0.005850	
0.011352	
0.004122	
0.009277	
0.005133	
0.001969	
0.012872	
0.006342	
0.012256	
0.004780	
0.009918	
0.005379	
0.009443	
0.013744	
0.000000	
0.000000	
0.039513	
0.009617	
0.036644	
0.000163	
0.018305	
0.010262	
0.015655	
0.012339	
0.003405	
0.024204	
0.012462	
0.013846	
0.011337	
0.020793	
0.001534	
0.005512	
0.010255	
0.000000	
0.009095	
0.012036	
0.000000	
0.007777	
0.015211	
0.007631	
0.018457	
0.007648	
0.004354	
0.002401	
0.012180	
0.008817	
0.005849	
0.006947	
0.011215	
0.036445	
0.015018	
0.011849	
0.016252	
0.002397	
0.031522	
0.007985	
0.014725	
0.004354	
0.010484	
0.000000	
0.006037	
0.007759	
0.019553	
0.015766	
