0.008986	
-0.000000	
0.000000	
0.000000	
-0.000000	
-0.000000	
0.000000	
0.000000	
0.000000	
0.000000	
0.000814	
0.000000	
-0.000000	
-0.000000	
0.023671	
-0.000000	
0.000000	
0.000000	
0.002169	
0.000000	
0.000000	
0.000000	
-0.000000	
0.000000	
-0.000000	
0.000000	
0.000000	
0.000000	
0.060664	
0.000000	
-0.000000	
0.000000	
-0.000000	
-0.000000	
0.000000	
0.000000	
0.000000	
-0.000000	
0.000000	
-0.000000	
-0.000000	
0.000000	
0.000000	
0.000000	
-0.000000	
-0.000000	
-0.000000	
-0.000000	
-0.000000	
-0.000000	
-0.000000	
-0.000000	
0.000000	
0.000000	
0.000000	
0.000000	
0.000000	
0.000000	
0.000000	
-0.000000	
-0.000000	
-0.000000	
0.000000	
0.000000	
0.000000	
0.000000	
0.000000	
-0.000000	
0.000000	
-0.000000	
-0.000000	
-0.000000	
0.000000	
-0.000000	
0.000000	
-0.000000	
-0.000000	
-0.000000	
0.000000	
0.000000	
0.000000	
-0.000000	
-0.000000	
0.000000	
0.000000	
0.000000	
0.000000	
-0.000000	
0.000000	
-0.000000	
-0.000000	
-0.000000	
-0.000000	
-0.000000	
-0.000000	
-0.000000	
-0.000000	
0.000000	
0.000000	
-0.000000	
-0.000000	
0.000000	
-0.000000	
-0.000000	
0.000000	
0.000000	
0.000000	
0.000000	
0.000000	
-0.000000	
-0.000000	
0.000000	
0.000000	
0.000000	
-0.000000	
0.000000	
0.000000	
-0.000000	
0.000000	
-0.000000	
-0.000000	
-0.000000	
0.000000	
0.000000	
0.000000	
0.000000	
0.000000	
0.000000	
0.000000	
-0.000000	
0.000000	
0.000000	
-0.000000	
0.000000	
0.000000	
0.000000	
-0.000000	
-0.000000	
0.000000	
0.000000	
-0.000000	
0.000000	
0.000000	
-0.000000	
0.000000	
0.000000	
-0.000000	
-0.000000	
0.000000	
0.000000	
0.000000	
0.000000	
0.000000	
0.000000	
-0.000000	
0.000000	
-0.000000	
0.000000	
-0.000000	
-0.000000	
0.000000	
-0.000000	
0.000000	
0.000000	
-0.000000	
-0.000000	
-0.000000	
-0.000000	
-0.000000	
0.000000	
-0.000000	
-0.000000	
0.000000	
0.000000	
0.000000	
0.000000	
0.000000	
-0.000000	
0.000000	
-0.000000	
0.000000	
0.000000	
0.000000	
-0.000000	
-0.000000	
0.000000	
0.000000	
0.000000	
-0.000000	
0.000000	
0.000000	
0.000000	
0.000000	
-0.000000	
-0.000000	
0.000000	
0.000000	
-0.000000	
-0.000000	
0.000000	
-0.000000	
-0.000000	
-0.000000	
0.000000	
0.000000	
0.000000	
-0.000000	
-0.000000	
0.000000	
0.000000	
0.000180	
0.000000	
-0.000000	
-0.000000	
0.000000	
0.000000	
-0.000000	
0.000000	
0.000000	
-0.000000	
-0.000000	
0.000000	
0.000000	
0.000000	
0.000000	
-0.000000	
0.000000	
-0.000000	
0.000000	
-0.000000	
-0.000000	
0.000000	
0.000000	
0.000000	
0.000000	
-0.000000	
0.014053	
0.000000	
0.000000	
-0.000000	
-0.000000	
0.000000	
0.000000	
0.000000	
0.000000	
0.000000	
0.000000	
0.000000	
-0.000000	
0.000000	
-0.000000	
-0.000000	
-0.000000	
0.000000	
0.000000	
0.000000	
-0.000000	
-0.000000	
0.000000	
-0.000000	
-0.000000	
-0.000000	
0.000000	
0.000000	
0.000000	
-0.000000	
0.000000	
0.000000	
0.000000	
-0.000000	
0.000000	
0.000000	
-0.000000	
0.000000	
-0.000000	
0.000000	
-0.000000	
0.000000	
-0.000000	
-0.000000	
0.000000	
0.000000	
-0.000000	
-0.000000	
-0.000000	
0.000000	
-0.000000	
-0.000000	
0.000000	
0.000000	
-0.000000	
0.000000	
-0.000000	
0.000000	
0.000000	
-0.000000	
0.000000	
-0.000000	
0.000000	
0.000000	
0.000000	
-0.000000	
0.000000	
0.000000	
-0.000000	
0.000000	
0.000000	
0.000000	
0.000000	
0.000000	
-0.000000	
0.000000	
0.000000	
0.000000	
-0.000000	
0.000000	
0.000000	
0.000000	
-0.000000	
-0.000000	
0.000000	
0.000000	
0.000000	
0.000000	
0.003312	
0.000000	
0.000000	
0.000000	
0.000000	
-0.000000	
0.000000	
-0.000000	
0.000000	
0.000000	
0.000000	
-0.000000	
-0.000000	
0.000000	
0.000000	
0.000000	
0.000000	
-0.000000	
0.000000	
0.042348	
0.013762	
0.000000	
0.000000	
-0.000000	
-0.000000	
-0.000000	
-0.000000	
0.000000	
-0.000000	
0.000000	
0.000000	
0.000000	
0.000000	
-0.000000	
-0.000000	
0.000000	
-0.000000	
-0.000000	
-0.000000	
-0.000000	
0.000000	
-0.000000	
-0.000000	
-0.000000	
0.000000	
-0.000000	
-0.000000	
-0.000000	
0.000000	
-0.000000	
-0.000000	
0.000000	
-0.000000	
0.000000	
-0.000000	
0.000000	
-0.000000	
-0.000000	
0.000000	
0.000000	
0.000000	
-0.000000	
0.000000	
-0.000000	
0.000000	
0.000000	
-0.000000	
0.000000	
0.000000	
-0.000000	
0.000000	
-0.000000	
0.000000	
0.000000	
0.000000	
0.000000	
-0.000000	
-0.000000	
0.000000	
-0.000000	
-0.000000	
0.000000	
0.000000	
0.000000	
0.000000	
0.000000	
0.000000	
0.000000	
0.000000	
-0.000000	
-0.000000	
0.000007	
-0.000000	
0.000000	
0.000000	
-0.000000	
0.000000	
-0.000000	
0.000000	
0.000000	
-0.000000	
0.000000	
0.000000	
-0.000000	
-0.000000	
0.000000	
0.000000	
0.000000	
-0.000000	
0.000000	
-0.000000	
0.000000	
0.000000	
0.000000	
0.000000	
0.000000	
-0.000000	
-0.000000	
0.000000	
0.000000	
0.000000	
0.000000	
0.000000	
-0.000000	
0.000000	
0.000000	
-0.000000	
0.000000	
-0.000000	
0.000000	
0.000000	
0.000460	
-0.000000	
-0.000000	
0.000000	
0.000000	
0.000000	
-0.000000	
0.000000	
-0.000000	
0.004755	
-0.000000	
0.000000	
-0.000000	
-0.000000	
0.000000	
-0.000000	
0.000000	
-0.000000	
0.000000	
-0.000000	
0.000000	
-0.000000	
-0.000000	
-0.000000	
0.000000	
-0.000000	
-0.000000	
0.014281	
0.000000	
-0.000000	
-0.000000	
0.000000	
0.000000	
0.000000	
0.000000	
-0.000000	
0.000000	
0.000000	
0.000000	
0.000000	
0.010998	
-0.000000	
-0.000000	
-0.000000	
-0.000000	
0.000077	
-0.000000	
-0.000000	
-0.000000	
-0.000000	
0.000000	
0.000000	
-0.000000	
0.000000	
0.000000	
0.000000	
0.000000	
0.000823	
0.000000	
0.000000	
0.000000	
0.000000	
0.000000	
0.000000	
-0.000000	
0.000000	
0.000000	
-0.000000	
-0.000000	
-0.000000	
0.000000	
0.032264	
0.000000	
0.076285	
0.000000	
-0.000000	
-0.000000	
0.000000	
0.000000	
-0.000000	
0.000000	
0.000000	
0.000000	
0.000000	
0.000000	
-0.000000	
0.000000	
0.000000	
0.000000	
0.000000	
0.000000	
0.000000	
-0.000000	
0.000000	
-0.000000	
-0.000000	
-0.000000	
-0.000000	
-0.000000	
0.000000	
0.000000	
-0.000000	
0.000000	
-0.000000	
0.000000	
0.000000	
-0.000000	
0.000000	
-0.000000	
0.000000	
-0.000000	
0.000000	
-0.000000	
-0.000000	
-0.000000	
0.000000	
-0.000000	
0.000000	
-0.000000	
0.000000	
-0.000000	
0.000000	
0.000000	
0.000000	
-0.000000	
0.006189	
0.000000	
-0.000000	
-0.000000	
0.006133	
0.000000	
-0.000000	
0.000000	
0.000000	
0.000000	
0.000000	
0.000000	
0.000000	
0.000000	
0.000000	
0.000000	
0.000000	
-0.000000	
0.000000	
-0.000000	
-0.000000	
0.000000	
-0.000000	
-0.000000	
0.000000	
-0.000000	
0.000000	
0.000000	
-0.000000	
0.021925	
0.000000	
-0.000000	
-0.000000	
0.011745	
-0.000000	
-0.000000	
-0.000000	
-0.000000	
0.000000	
-0.000000	
0.094629	
0.000000	
-0.000000	
-0.000000	
0.000000	
-0.000000	
0.002076	
0.000000	
-0.000000	
0.000000	
-0.000000	
0.000000	
0.000000	
-0.000000	
-0.000000	
-0.000000	
0.000000	
-0.000000	
-0.000000	
-0.000000	
0.000000	
0.000000	
-0.000000	
0.000000	
0.000000	
0.002801	
0.000000	
-0.000000	
0.000000	
-0.000000	
0.000000	
-0.000000	
0.000000	
0.000000	
0.000000	
0.000985	
0.000000	
0.000000	
0.000000	
0.000000	
-0.000000	
0.000000	
0.000000	
0.000000	
0.000000	
-0.000000	
0.000000	
0.000000	
-0.000000	
-0.000000	
0.000000	
0.000000	
0.000000	
0.000000	
0.000000	
0.000000	
0.000000	
0.001558	
-0.000000	
-0.000000	
-0.000000	
0.000000	
-0.000000	
0.000000	
0.000000	
-0.000000	
0.000000	
0.000000	
0.000000	
-0.000000	
0.000000	
0.000000	
-0.000000	
-0.000000	
0.000000	
0.000000	
0.000000	
-0.000000	
-0.000000	
-0.000000	
0.000000	
0.000000	
0.000000	
0.000000	
-0.000000	
-0.000000	
-0.000000	
-0.000000	
0.000000	
-0.000000	
0.000000	
-0.000000	
-0.000000	
0.000000	
0.000000	
0.017934	
-0.000000	
0.010896	
0.000000	
0.000000	
0.000000	
0.000000	
0.000000	
0.000000	
-0.000000	
0.000000	
-0.000000	
0.014736	
-0.000000	
0.000000	
-0.000000	
0.000000	
0.000097	
0.000000	
-0.000000	
-0.000000	
0.000000	
0.000000	
0.000000	
0.032061	
0.004264	
0.000000	
0.000000	
0.000000	
0.000000	
0.000000	
0.000000	
0.000000	
-0.000000	
0.000000	
-0.000000	
0.000000	
0.000000	
0.000000	
0.000000	
0.000000	
-0.000000	
0.000000	
-0.000000	
-0.000000	
-0.000000	
0.000000	
-0.000000	
-0.000000	
0.000000	
0.000000	
-0.000000	
-0.000000	
0.000000	
0.000000	
0.000000	
-0.000000	
0.000000	
0.000000	
0.000000	
0.000000	
0.000000	
-0.000000	
0.007913	
-0.000000	
0.000000	
-0.000000	
0.000000	
0.004373	
0.003285	
0.019287	
0.000000	
-0.000000	
0.000000	
0.000000	
0.000000	
-0.000000	
0.000000	
0.000000	
0.000000	
0.019800	
-0.000000	
0.007422	
0.000000	
0.002762	
0.000000	
0.000537	
0.002063	
-0.000000	
0.000000	
-0.000000	
0.000000	
0.000000	
0.000000	
-0.000000	
0.000000	
0.000000	
0.000000	
-0.000000	
-0.000000	
0.000000	
0.000000	
0.000000	
-0.000000	
-0.000000	
0.000000	
-0.000000	
0.000000	
0.000000	
-0.000000	
0.000000	
-0.000000	
0.000000	
0.000000	
-0.000000	
-0.000000	
0.000000	
0.028462	
-0.000000	
0.000000	
-0.000000	
-0.000000	
0.000000	
-0.000000	
0.000000	
0.000000	
0.000000	
-0.000000	
-0.000000	
0.000000	
0.000000	
-0.000000	
0.000000	
-0.000000	
-0.000000	
-0.000000	
0.000000	
-0.000000	
-0.000000	
0.000000	
0.000000	
-0.000000	
-0.000000	
0.000000	
-0.000000	
0.008525	
0.000000	
0.001111	
0.000000	
-0.000000	
-0.000000	
0.000000	
0.000000	
0.000000	
-0.000000	
-0.000000	
-0.000000	
0.000000	
0.000000	
0.000000	
-0.000000	
-0.000000	
0.000000	
0.000000	
0.000000	
0.000000	
-0.000000	
0.000000	
0.029304	
-0.000000	
0.000000	
0.000000	
0.000001	
-0.000000	
-0.000000	
0.000000	
0.000000	
0.000000	
-0.000000	
0.000000	
0.000000	
0.025299	
-0.000000	
0.000000	
0.000000	
-0.000000	
-0.000000	
0.000000	
0.016069	
0.000000	
0.000000	
0.011642	
-0.000000	
-0.000000	
-0.000000	
-0.000000	
0.000000	
0.000000	
0.000000	
0.000000	
0.000000	
0.000000	
0.000000	
-0.000000	
0.000000	
-0.000000	
0.000000	
-0.000000	
0.000000	
0.000000	
-0.000000	
0.000000	
-0.000000	
0.000000	
0.000000	
0.000000	
0.000000	
0.000000	
-0.000000	
-0.000000	
-0.000000	
0.000000	
0.000000	
0.000000	
0.000000	
0.000000	
-0.000000	
-0.000000	
0.000000	
-0.000000	
0.000000	
0.000000	
0.000000	
-0.000000	
0.000000	
-0.000000	
-0.000000	
0.000000	
-0.000000	
0.000000	
-0.000000	
0.009842	
-0.000000	
-0.000000	
0.000000	
0.000000	
-0.000000	
-0.000000	
0.000003	
0.000000	
-0.000000	
0.000000	
0.000000	
0.000000	
0.000000	
-0.000000	
-0.000000	
0.000000	
-0.000000	
-0.000000	
0.000000	
0.000000	
0.000000	
0.000000	
0.000000	
-0.000000	
0.000000	
0.000000	
-0.000000	
0.000000	
0.000000	
-0.000000	
0.000000	
-0.000000	
0.000000	
-0.000000	
0.000000	
0.000000	
0.000000	
-0.000000	
0.000000	
0.000000	
-0.000000	
0.000000	
0.000000	
0.000000	
-0.000000	
-0.000000	
0.000000	
-0.000000	
0.000000	
0.000000	
-0.000000	
0.000000	
0.005818	
0.000000	
-0.000000	
0.000000	
0.000000	
0.000000	
-0.000000	
0.000000	
0.000000	
0.000000	
-0.000000	
0.000000	
0.000000	
0.024698	
0.000000	
0.000000	
0.000000	
0.000000	
0.000000	
0.000000	
0.000000	
0.001207	
0.000000	
0.000000	
0.000147	
0.000000	
0.000000	
0.000000	
-0.000000	
0.000000	
-0.000000	
0.000000	
0.015462	
0.005421	
0.003309	
0.000000	
0.000000	
0.000000	
0.000000	
0.000000	
0.000000	
-0.000000	
0.000000	
-0.000000	
0.000000	
-0.000000	
-0.000000	
0.000000	
0.000000	
0.000000	
0.000000	
0.000000	
-0.000000	
0.000000	
0.000000	
0.000000	
0.017120	
-0.000000	
0.000000	
-0.000000	
0.000000	
0.000000	
0.000000	
0.000000	
0.000000	
-0.000000	
0.000000	
0.000000	
0.027021	
0.000000	
0.017545	
0.000001	
-0.000000	
-0.000000	
0.000000	
0.000000	
-0.000000	
0.000000	
0.051996	
0.000000	
-0.000000	
0.000000	
-0.000000	
0.000000	
0.000000	
0.000000	
0.000000	
0.000000	
-0.000000	
0.000000	
-0.000000	
0.051605	
-0.000000	
-0.000000	
-0.000000	
-0.000000	
-0.000000	
-0.000000	
0.000000	
-0.000000	
-0.000000	
-0.000000	
0.000000	
-0.000000	
0.000000	
0.000000	
0.010156	
0.000000	
0.000000	
-0.000000	
0.000000	
-0.000000	
0.000000	
0.009272	
-0.000000	
0.000000	
0.000000	
0.000000	
-0.000000	
-0.000000	
0.000000	
0.000000	
-0.000000	
0.000000	
0.000000	
0.000000	
0.000000	
0.000000	
0.000000	
0.000000	
0.000000	
0.000000	
-0.000000	
0.000000	
0.002907	
-0.000000	
-0.000000	
0.000000	
-0.000000	
0.000000	
-0.000000	
-0.000000	
0.000000	
0.000000	
-0.000000	
-0.000000	
0.000000	
-0.000000	
-0.000000	
0.000000	
0.000000	
0.000000	
-0.000000	
-0.000000	
-0.000000	
0.000000	
-0.000000	
-0.000000	
-0.000000	
-0.000000	
0.000000	
0.000000	
-0.000000	
0.000000	
0.000000	
-0.000000	
-0.000000	
0.000000	
0.000000	
-0.000000	
0.000000	
-0.000000	
-0.000000	
0.000000	
-0.000000	
0.000000	
0.001137	
0.000887	
0.000000	
-0.000000	
-0.000000	
-0.000000	
0.000000	
0.000000	
0.015016	
0.000000	
-0.000000	
-0.000000	
0.003638	
-0.000000	
-0.000000	
0.000000	
-0.000000	
0.000000	
