0.000000	
0.000000	
0.000000	
-0.000000	
0.020713	
0.008217	
-0.000000	
0.000000	
0.020078	
0.000000	
0.000000	
-0.000000	
0.000000	
0.000000	
0.017634	
-0.000000	
0.106474	
0.134542	
0.000000	
0.000000	
0.000000	
0.000000	
0.000000	
-0.000000	
0.001498	
0.022146	
0.000000	
0.038895	
-0.000000	
0.047162	
0.000000	
0.000000	
0.000000	
0.000000	
0.074609	
0.000000	
0.000000	
0.000000	
0.259179	
0.009009	
0.000000	
0.000000	
0.000000	
0.000000	
0.000000	
0.000000	
0.000000	
0.000000	
0.000000	
0.000000	
0.000000	
0.000000	
0.000000	
0.000000	
0.000000	
0.000000	
0.000000	
0.000000	
0.146734	
0.018777	
0.000000	
0.010991	
0.000000	
-0.000000	
0.000000	
0.000000	
0.000000	
0.063340	
0.000000	
-0.000000	
0.000000	
0.000000	
-0.000000	
0.000000	
0.000000	
0.000000	
-0.000000	
