0.000000	
-0.000000	
-0.000000	
0.000000	
0.019302	
0.009702	
0.000000	
0.000000	
0.011725	
0.000000	
-0.000000	
0.000000	
0.000000	
0.000000	
0.019317	
0.000000	
0.109597	
0.116575	
0.000000	
0.000000	
0.000000	
0.000000	
0.000000	
0.000000	
0.001209	
0.016712	
0.000000	
0.047952	
0.000000	
0.052231	
-0.000000	
0.000000	
-0.000000	
-0.000000	
0.067200	
0.000000	
0.000000	
0.000000	
0.270202	
0.017577	
0.000000	
-0.000000	
0.000000	
0.000000	
0.000000	
-0.000000	
-0.000000	
-0.000000	
-0.000000	
0.000000	
0.000000	
-0.000000	
0.000000	
0.000000	
0.000000	
-0.000000	
0.000000	
0.000000	
0.143774	
0.025619	
0.000000	
0.000000	
0.000000	
0.000000	
0.000000	
0.000000	
0.000000	
0.071306	
-0.000000	
0.000000	
0.000000	
-0.000000	
0.000000	
0.000000	
-0.000000	
0.000000	
0.000000	
