-0.000000	
-0.000000	
-0.000000	
0.000000	
0.018139	
0.014695	
0.000000	
0.000000	
0.013324	
-0.000000	
0.000000	
0.000000	
0.000000	
0.000000	
0.019136	
0.000000	
0.108950	
0.115931	
0.000000	
0.000000	
0.000000	
0.000000	
0.000000	
-0.000000	
0.002091	
0.015598	
-0.000000	
0.043361	
0.000000	
0.050342	
0.000000	
0.000000	
0.000000	
0.000000	
0.073901	
0.000000	
0.000000	
0.000000	
0.262745	
0.022583	
-0.000000	
0.000000	
0.000000	
0.000000	
0.000000	
0.000000	
-0.000000	
0.000000	
-0.000000	
0.000000	
-0.000000	
0.000000	
0.000000	
0.000000	
0.000000	
0.000000	
0.000000	
-0.000000	
0.148744	
0.021573	
0.000000	
0.000000	
0.000000	
0.000000	
0.000000	
-0.000000	
0.000000	
0.068884	
-0.000000	
0.000000	
0.000000	
0.000000	
-0.000000	
0.000000	
0.000000	
0.000000	
0.000000	
