0.000000	
0.000000	
0.000000	
0.000000	
0.022430	
0.009737	
-0.000000	
-0.000000	
0.011063	
0.000000	
0.000000	
0.000000	
0.000000	
0.000000	
0.008383	
0.000000	
0.089055	
0.094123	
0.000000	
0.000000	
0.000000	
0.000000	
0.000000	
0.000000	
0.060622	
0.006459	
0.000000	
0.000000	
0.000000	
0.049871	
0.000000	
0.000000	
0.012762	
0.000000	
0.112005	
0.000000	
0.000000	
0.000000	
0.241281	
0.000000	
0.000000	
0.000000	
0.087514	
0.000000	
0.000000	
0.000000	
0.000000	
0.000000	
0.000000	
0.000000	
0.000000	
-0.000000	
0.000000	
0.000000	
0.000000	
0.000000	
0.000000	
0.000000	
0.140284	
0.000000	
0.000000	
0.008747	
0.000000	
0.000000	
0.000000	
0.000000	
0.000000	
0.045663	
0.000000	
0.000000	
0.000000	
0.000000	
0.000000	
0.000000	
0.000000	
0.000000	
0.000000	
