0.000000	
0.000000	
-0.000000	
0.000000	
0.017227	
0.008858	
0.000000	
0.000000	
0.000000	
0.000000	
0.000000	
0.000000	
0.000000	
0.000000	
0.010004	
0.000000	
0.110561	
0.082718	
0.000000	
0.000000	
-0.000000	
0.000000	
0.000000	
0.000000	
0.056643	
0.013094	
0.000000	
0.000000	
0.000000	
0.037070	
0.000000	
-0.000000	
0.021326	
0.000000	
0.121851	
0.000000	
0.000000	
0.000000	
0.216661	
0.000000	
0.000000	
0.000000	
0.097160	
0.000000	
0.000000	
0.000000	
0.000000	
0.000000	
0.000000	
0.000000	
0.000000	
0.000000	
-0.000000	
0.000000	
0.000000	
0.000000	
0.000000	
-0.000000	
0.154639	
0.000000	
0.000000	
0.006956	
0.000000	
0.000000	
0.000000	
0.000000	
0.000000	
0.045232	
0.000000	
0.000000	
0.000000	
0.000000	
0.000000	
0.000000	
0.000000	
-0.000000	
0.000000	
