0.000000	
0.000000	
0.000000	
0.000000	
0.018548	
0.016515	
0.000000	
0.000000	
0.000000	
0.000000	
0.000000	
0.000000	
0.000000	
0.000000	
0.010952	
0.000000	
0.110892	
0.087499	
0.000000	
0.000000	
0.000000	
0.000000	
0.000000	
0.000000	
0.051674	
0.015194	
0.000000	
0.000000	
0.000000	
0.036281	
0.000000	
0.000000	
0.018189	
0.000000	
0.122347	
0.000000	
0.000000	
0.000000	
0.207578	
0.000000	
0.000000	
0.000000	
0.096600	
0.000000	
0.000000	
0.000000	
0.000000	
0.000000	
0.000000	
0.003460	
0.000000	
0.000000	
0.000000	
0.000000	
0.000000	
0.000000	
0.000000	
0.000000	
0.148565	
0.000000	
0.000000	
0.005835	
0.000000	
0.000000	
0.000000	
0.000000	
0.000000	
0.049871	
0.000000	
0.000000	
0.000000	
0.000000	
0.000000	
0.000000	
0.000000	
0.000000	
0.000000	
