-0.000000	
0.000000	
0.000000	
0.000000	
0.018336	
0.008353	
0.000000	
0.000000	
0.000691	
0.000000	
0.000000	
0.000000	
0.000000	
0.000000	
0.012222	
0.000000	
0.126005	
0.073879	
0.000000	
0.000000	
0.000000	
0.000000	
0.000000	
0.000000	
0.038989	
0.012641	
0.000000	
0.000000	
0.000000	
0.034859	
0.000000	
0.000000	
0.022493	
0.000000	
0.121492	
0.000000	
0.000000	
0.000000	
0.213111	
0.000000	
0.000000	
0.000000	
0.103960	
0.000000	
0.000000	
0.000000	
0.000000	
0.000000	
0.000000	
0.000000	
0.000000	
0.000000	
0.000000	
0.000000	
0.000000	
0.000000	
0.000000	
0.000000	
0.164856	
0.004192	
0.000000	
0.000000	
0.000000	
0.000000	
0.000000	
0.000000	
0.000000	
0.043922	
0.000000	
0.000000	
0.000000	
0.000000	
0.000000	
0.000000	
0.000000	
0.000000	
0.000000	
