0.000000	
0.000000	
0.000000	
0.000000	
0.022710	
0.014762	
0.000000	
0.000000	
0.000889	
0.000000	
0.000000	
0.000000	
0.000000	
0.000000	
0.009285	
0.000000	
0.090747	
0.101905	
0.000000	
0.000000	
0.000000	
0.000000	
0.000000	
0.000000	
0.049764	
0.011724	
0.000000	
-0.000000	
-0.000000	
0.048438	
0.000000	
0.000000	
0.015731	
0.000000	
0.113889	
0.000000	
0.000000	
0.000000	
0.237089	
-0.000000	
0.000000	
0.000000	
0.093832	
0.000000	
0.000000	
0.000000	
0.000000	
0.000000	
0.000000	
-0.000000	
0.000000	
0.000000	
0.000000	
0.000000	
-0.000000	
0.000000	
0.000000	
0.000000	
0.138567	
0.000000	
0.000000	
0.009466	
0.000000	
0.000000	
0.000000	
0.000000	
0.000000	
0.041201	
0.000000	
0.000000	
-0.000000	
0.000000	
0.000000	
0.000000	
0.000000	
0.000000	
0.000000	
