-0.000000	
-0.000000	
-0.000000	
0.000000	
0.025587	
0.009182	
-0.000000	
-0.000000	
0.025706	
-0.000000	
0.000000	
0.000000	
0.000000	
-0.000000	
0.010019	
0.000000	
0.110623	
0.126766	
-0.000000	
0.000000	
-0.000000	
-0.000000	
-0.000000	
0.000000	
0.036623	
0.035180	
-0.000000	
0.008788	
-0.000000	
0.044097	
0.000000	
0.000000	
0.006344	
-0.000000	
0.097389	
0.000000	
0.000000	
0.000000	
0.239879	
-0.000000	
-0.000000	
0.000000	
-0.000000	
-0.000000	
-0.000000	
0.000000	
-0.000000	
-0.000000	
0.000000	
0.000000	
0.000000	
-0.000000	
-0.000000	
0.000000	
-0.000000	
0.000000	
-0.000000	
-0.000000	
0.152451	
0.019627	
0.000000	
0.000019	
-0.000000	
-0.000000	
-0.000000	
-0.000000	
0.000000	
0.051719	
-0.000000	
-0.000000	
-0.000000	
-0.000000	
-0.000000	
-0.000000	
-0.000000	
0.000000	
0.000000	
