-0.000000	
-0.000000	
-0.000000	
-0.000000	
0.018189	
0.014573	
-0.000000	
0.000000	
-0.000000	
0.000000	
0.000000	
0.000000	
0.000000	
0.000000	
0.009015	
-0.000000	
0.088002	
0.104697	
-0.000000	
-0.000000	
-0.000000	
-0.000000	
-0.000000	
-0.000000	
0.068503	
0.014010	
-0.000000	
0.000000	
-0.000000	
0.038124	
0.000000	
-0.000000	
0.018609	
-0.000000	
0.119617	
0.000000	
-0.000000	
-0.000000	
0.221143	
-0.000000	
-0.000000	
-0.000000	
0.090903	
0.000000	
-0.000000	
0.000000	
-0.000000	
-0.000000	
0.000000	
0.002260	
-0.000000	
0.000000	
-0.000000	
0.000000	
0.000000	
-0.000000	
-0.000000	
0.000000	
0.125059	
-0.000000	
0.000000	
0.013177	
0.000000	
0.000000	
0.000000	
-0.000000	
-0.000000	
0.054118	
-0.000000	
-0.000000	
0.000000	
0.000000	
0.000000	
-0.000000	
-0.000000	
-0.000000	
0.000000	
