0.000000	
0.000000	
-0.000000	
0.000000	
0.016742	
0.000000	
0.000000	
-0.000000	
0.027694	
0.000000	
0.000000	
0.000000	
0.000000	
0.000000	
0.005763	
-0.000000	
0.089074	
0.070978	
0.000000	
0.000000	
0.000000	
0.000000	
0.010197	
0.000000	
0.058593	
0.000313	
0.000000	
-0.000000	
0.000000	
0.048988	
-0.000000	
0.000000	
0.001415	
0.000000	
0.106758	
0.000000	
-0.000000	
0.000000	
0.211454	
-0.000000	
0.000000	
0.000000	
0.103386	
0.000000	
0.000000	
0.000000	
0.000000	
0.000000	
0.000000	
0.001223	
0.000000	
0.000000	
0.000000	
0.000000	
0.000000	
0.000000	
-0.000000	
0.035695	
0.163724	
0.000000	
0.000000	
-0.000000	
0.000000	
0.000000	
-0.000000	
0.000000	
0.000000	
0.048003	
-0.000000	
-0.000000	
0.000000	
0.000000	
-0.000000	
0.000000	
-0.000000	
0.000000	
0.000000	
