0.000000	
0.000000	
0.000000	
0.000000	
0.000000	
0.000000	
0.000000	
0.000000	
0.025404	
0.000000	
0.000000	
0.000000	
0.000000	
0.000000	
0.000000	
0.000000	
0.125955	
0.073509	
0.000000	
0.000000	
0.000000	
0.000000	
0.009032	
0.000000	
0.038139	
0.000000	
0.000000	
0.000000	
0.024623	
0.064895	
0.000000	
0.000000	
0.000000	
0.000000	
0.048349	
0.000000	
0.000000	
0.000000	
0.235227	
0.000000	
0.000000	
0.000000	
0.100527	
0.000000	
0.000000	
0.000000	
0.000000	
0.000000	
0.000000	
0.000000	
0.000000	
0.000000	
0.000000	
0.000000	
0.000000	
0.000000	
0.000000	
0.037476	
0.152677	
0.007903	
0.000000	
0.008663	
0.000000	
0.000000	
0.000000	
0.000000	
0.000000	
0.047623	
0.000000	
0.000000	
0.000000	
0.000000	
0.000000	
0.000000	
0.000000	
0.000000	
0.000000	
