0.000000	
0.000000	
0.000000	
0.000000	
0.000000	
0.000000	
0.000000	
0.000000	
0.020763	
0.000000	
0.000000	
0.000000	
0.000000	
0.000000	
0.001323	
0.000000	
0.111122	
0.071154	
0.000000	
0.000000	
-0.000000	
0.000000	
0.008207	
-0.000000	
0.039919	
0.000000	
0.000000	
0.000000	
0.021483	
0.059290	
0.000000	
0.000000	
0.000000	
0.000000	
0.059065	
0.000000	
0.000000	
0.000000	
0.218446	
0.000000	
0.000000	
0.000000	
0.097485	
0.000000	
0.000000	
0.000000	
0.000000	
0.000000	
0.000000	
-0.000000	
0.000000	
0.000000	
0.000000	
0.000000	
0.000000	
0.000000	
0.000000	
0.060677	
0.171388	
0.007708	
0.000000	
0.000756	
-0.000000	
0.000000	
0.000000	
0.000000	
0.000000	
0.051216	
0.000000	
0.000000	
0.000000	
0.000000	
0.000000	
0.000000	
0.000000	
0.000000	
0.000000	
