0.000000	
0.000000	
0.000000	
0.000000	
0.000000	
0.000000	
0.000000	
0.000000	
0.027976	
0.000000	
0.000000	
0.000000	
0.000000	
-0.000000	
0.007725	
0.000000	
0.122976	
0.033806	
0.000000	
0.000000	
0.000000	
0.000000	
0.006742	
0.000000	
0.039090	
0.000000	
0.000000	
0.000000	
0.025351	
0.061165	
0.000000	
0.000000	
0.000000	
0.000000	
0.068333	
0.000000	
0.000000	
0.000000	
0.231692	
0.000000	
0.000000	
0.000000	
0.102573	
0.000000	
0.000000	
0.000000	
0.000000	
0.000000	
0.000000	
0.000000	
0.000000	
0.000000	
0.000000	
0.000000	
0.000000	
0.000000	
0.000000	
0.042362	
0.172613	
0.002593	
0.000000	
0.000000	
0.000000	
0.000000	
0.000000	
0.000000	
0.000000	
0.055004	
0.000000	
0.000000	
0.000000	
0.000000	
0.000000	
0.000000	
0.000000	
0.000000	
0.000000	
