0.000000	
0.000000	
0.000000	
0.000000	
0.000000	
-0.000000	
-0.000000	
-0.000000	
0.033824	
0.000000	
0.000000	
-0.000000	
0.000000	
0.000000	
-0.000000	
0.000000	
0.111308	
0.073311	
0.000000	
-0.000000	
-0.000000	
-0.000000	
0.008930	
-0.000000	
0.035464	
-0.000000	
-0.000000	
0.000000	
0.019450	
0.067528	
0.000000	
-0.000000	
0.000000	
0.000000	
0.032720	
0.000000	
0.000000	
-0.000000	
0.244212	
0.000000	
-0.000000	
-0.000000	
0.097580	
-0.000000	
0.000000	
-0.000000	
-0.000000	
0.000000	
-0.000000	
0.011357	
-0.000000	
-0.000000	
-0.000000	
-0.000000	
-0.000000	
-0.000000	
0.000000	
0.035074	
0.162997	
0.004726	
-0.000000	
-0.000000	
-0.000000	
-0.000000	
-0.000000	
0.000000	
-0.000000	
0.061522	
0.000000	
-0.000000	
0.000000	
0.000000	
0.000000	
0.000000	
0.000000	
0.000000	
0.000000	
