0.000000	
0.000000	
0.000000	
0.000000	
0.000000	
0.000000	
0.000000	
0.000000	
0.032144	
0.000000	
0.000000	
0.000000	
0.000000	
0.000000	
0.004362	
0.000000	
0.123835	
0.109347	
0.000000	
0.000000	
0.000000	
0.000000	
0.028804	
0.000000	
0.024382	
0.009460	
0.000000	
0.000000	
0.026826	
0.065976	
0.000000	
0.000000	
0.000000	
0.000000	
0.033976	
0.000000	
0.000000	
0.000000	
0.212013	
0.000000	
0.000000	
0.000000	
0.089264	
0.000000	
0.000000	
0.000000	
0.000000	
0.000000	
0.000000	
0.000000	
0.000000	
0.000000	
0.000000	
0.000000	
0.000000	
0.000000	
0.000000	
0.047088	
0.131050	
0.000000	
0.000000	
0.017695	
0.000000	
0.000000	
0.000000	
0.000000	
0.000000	
0.043778	
0.000000	
0.000000	
0.000000	
0.000000	
0.000000	
0.000000	
-0.000000	
0.000000	
0.000000	
