0.000000	
0.000000	
0.000000	
0.000000	
0.000000	
0.000000	
0.000000	
0.000000	
0.024765	
0.000000	
0.000000	
0.000000	
-0.000000	
0.000000	
0.014670	
-0.000000	
0.151189	
0.104430	
-0.000000	
0.000000	
0.000000	
0.000000	
0.048179	
0.000000	
0.010744	
0.005768	
0.000000	
-0.000000	
0.010406	
0.056727	
0.000000	
0.000000	
0.000000	
-0.000000	
0.042017	
0.000000	
-0.000000	
0.000000	
0.205937	
-0.000000	
0.000000	
-0.000000	
0.094485	
0.000000	
-0.000000	
0.000000	
0.000000	
0.000000	
0.000000	
0.000000	
0.000000	
-0.000000	
-0.000000	
-0.000000	
0.000000	
0.000000	
-0.000000	
0.055061	
0.128483	
0.000000	
0.000000	
0.008918	
0.000000	
0.000000	
0.000000	
0.000000	
0.000000	
0.038222	
0.000000	
0.000000	
-0.000000	
0.000000	
0.000000	
0.000000	
-0.000000	
0.000000	
0.000000	
