0.000000	
0.000000	
0.000000	
0.000000	
0.000000	
0.000000	
0.000000	
0.000000	
0.034810	
0.000000	
0.000000	
-0.000000	
-0.000000	
0.000000	
0.004414	
-0.000000	
0.146711	
0.094273	
0.000000	
-0.000000	
0.000000	
0.000000	
0.032801	
0.000000	
0.019736	
0.012818	
0.000000	
-0.000000	
0.005016	
0.070596	
-0.000000	
0.000000	
0.006865	
0.000000	
0.024889	
0.000000	
0.000000	
0.000000	
0.221506	
0.000000	
-0.000000	
0.000000	
0.094813	
-0.000000	
0.000000	
-0.000000	
0.000000	
0.000000	
-0.000000	
0.000000	
-0.000000	
0.000000	
-0.000000	
0.000000	
0.000000	
0.000000	
0.000000	
0.060567	
0.122918	
0.000000	
0.000000	
0.012763	
0.000000	
0.000000	
0.000000	
-0.000000	
-0.000000	
0.034502	
0.000000	
0.000000	
-0.000000	
0.000000	
0.000000	
0.000000	
0.000000	
-0.000000	
0.000000	
