0.000000	
0.000000	
0.000000	
0.000000	
0.000000	
0.000000	
0.000000	
0.000000	
0.034252	
0.000000	
0.000000	
0.000000	
0.000000	
0.000000	
0.004139	
0.000000	
0.121441	
0.105757	
0.000000	
0.000000	
0.000000	
0.000000	
0.028422	
0.000000	
0.023769	
0.009807	
0.000000	
0.000000	
0.024622	
0.065909	
0.000000	
0.000000	
0.000000	
0.000000	
0.039392	
0.000000	
0.000000	
0.000000	
0.217865	
0.000000	
0.000000	
0.000000	
0.088053	
0.000000	
0.000000	
0.000000	
0.000000	
0.000000	
0.000000	
0.000000	
0.000000	
0.000000	
0.000000	
0.000000	
0.000000	
0.000000	
0.000000	
0.047585	
0.132128	
0.000000	
0.000000	
0.015840	
0.000000	
0.000000	
0.000000	
0.000000	
0.000000	
0.041020	
0.000000	
0.000000	
0.000000	
0.000000	
0.000000	
0.000000	
0.000000	
0.000000	
0.000000	
