0.000000	
0.000000	
0.000000	
0.000000	
0.000000	
0.000000	
0.000000	
0.000000	
0.033758	
0.009008	
0.000000	
0.000000	
0.000000	
-0.000000	
0.000000	
0.000000	
0.128237	
0.080624	
0.000000	
0.000000	
0.000000	
0.000000	
0.028626	
0.000000	
0.029257	
0.014161	
0.000000	
0.000000	
0.011346	
0.066918	
0.000000	
0.000000	
0.004207	
0.000000	
0.035368	
0.000000	
0.000000	
0.000000	
0.217942	
0.000000	
0.000000	
0.000000	
0.086466	
0.000000	
0.000000	
0.000000	
0.000000	
0.000000	
0.000000	
0.000000	
0.000000	
0.000000	
0.000000	
0.000000	
0.000000	
0.000000	
0.000000	
0.076276	
0.137020	
0.006752	
0.000000	
0.003834	
0.000000	
0.000000	
-0.000000	
0.000000	
0.000000	
0.030202	
0.000000	
0.000000	
-0.000000	
0.000000	
-0.000000	
0.000000	
0.000000	
0.000000	
0.000000	
