0.000000	
0.000000	
0.000000	
0.000000	
0.000000	
-0.000000	
0.000000	
0.000000	
-0.000000	
0.000000	
0.000000	
0.000000	
0.000000	
0.000000	
0.011258	
-0.000000	
0.120187	
0.133459	
0.000000	
0.000000	
0.000000	
0.000000	
0.024998	
0.000000	
0.030802	
0.013031	
0.000000	
0.000000	
0.000000	
0.025565	
0.000000	
0.000000	
0.012874	
-0.000000	
0.108148	
0.000000	
0.000000	
0.000000	
0.120323	
0.000000	
0.000000	
0.000000	
0.087850	
-0.000000	
0.000000	
0.000000	
0.000000	
-0.000000	
0.000000	
-0.000000	
-0.000000	
0.000000	
0.002737	
0.000000	
0.000000	
0.000000	
-0.000000	
0.133921	
0.132886	
0.000000	
0.000000	
0.007231	
0.000000	
-0.000000	
0.000000	
0.000000	
0.000000	
0.034730	
0.000000	
0.000000	
0.000000	
-0.000000	
0.000000	
0.000000	
0.000000	
-0.000000	
0.000000	
