0.000000	
0.000000	
0.000000	
-0.000000	
0.002798	
0.000000	
-0.000000	
-0.000000	
0.007144	
0.000000	
0.000000	
0.000000	
-0.000000	
0.000000	
0.011416	
0.000000	
0.130982	
0.140959	
0.000000	
0.000000	
-0.000000	
-0.000000	
0.047917	
0.000000	
0.011244	
0.000000	
-0.000000	
0.000000	
0.012538	
0.014754	
0.000000	
0.000000	
0.000000	
0.000000	
0.023160	
0.000000	
0.000000	
0.000000	
0.169403	
0.000000	
0.000000	
0.000000	
0.102961	
0.000000	
-0.000000	
-0.000000	
0.000000	
0.000000	
0.000000	
0.000000	
0.000000	
-0.000000	
0.000000	
0.000000	
0.000000	
0.000000	
0.000000	
0.129112	
0.133234	
0.000000	
0.000000	
0.013033	
0.000000	
0.000000	
0.000000	
-0.000000	
0.000000	
0.049346	
-0.000000	
0.000000	
0.000000	
0.000000	
0.000000	
0.000000	
0.000000	
0.000000	
0.000000	
