0.000000	
0.000000	
0.000000	
-0.000000	
0.000691	
0.000000	
0.000000	
0.000000	
0.008361	
0.000000	
0.000000	
0.000000	
0.000000	
-0.000000	
0.011564	
-0.000000	
0.118760	
0.138475	
0.000000	
0.000000	
0.000000	
0.000000	
0.036333	
0.000000	
0.017245	
0.005357	
0.000000	
0.000000	
0.003009	
0.018551	
0.000000	
0.000000	
0.000000	
-0.000000	
0.051868	
0.000000	
0.000000	
0.000000	
0.156085	
-0.000000	
0.000000	
0.000000	
0.100504	
0.000000	
0.000000	
0.000000	
0.000000	
0.000000	
0.000000	
-0.000000	
-0.000000	
0.000000	
-0.000000	
0.000000	
0.000000	
-0.000000	
0.000000	
0.146981	
0.129683	
-0.000000	
0.000000	
0.010704	
-0.000000	
0.000000	
0.000000	
0.000000	
-0.000000	
0.045830	
-0.000000	
0.000000	
0.000000	
-0.000000	
0.000000	
-0.000000	
0.000000	
0.000000	
0.000000	
