0.000000	
0.000000	
0.000000	
0.000000	
-0.000000	
0.000000	
0.000000	
0.000000	
0.000331	
0.000000	
0.000000	
0.000000	
0.000000	
0.000000	
0.009625	
-0.000000	
0.112190	
0.134338	
-0.000000	
0.000000	
0.000000	
0.000000	
0.042482	
0.000000	
0.026990	
0.005641	
0.000000	
0.000000	
0.008818	
0.021498	
0.000000	
0.000000	
0.021477	
0.000000	
0.102022	
0.000000	
0.000000	
0.000000	
0.117296	
0.000000	
0.000000	
0.000000	
0.106139	
-0.000000	
0.000000	
0.000000	
0.000000	
0.000000	
-0.000000	
0.000000	
0.000000	
0.000000	
0.000000	
0.000000	
-0.000000	
0.000000	
0.000000	
0.119811	
0.116870	
0.000000	
0.000000	
0.016956	
0.000000	
0.000000	
-0.000000	
0.000000	
0.000000	
0.037515	
0.000000	
0.000000	
0.000000	
0.000000	
0.000000	
0.000000	
0.000000	
0.000000	
0.000000	
