-0.000000	
0.000000	
0.000000	
0.000000	
0.003194	
-0.000000	
0.000000	
0.000000	
0.014532	
-0.000000	
0.000000	
-0.000000	
0.000000	
0.000000	
0.012217	
0.000000	
0.141427	
0.101782	
0.000000	
-0.000000	
0.000000	
-0.000000	
0.052450	
-0.000000	
0.014696	
0.001876	
0.000000	
0.000000	
0.003405	
0.053146	
0.000000	
-0.000000	
0.000000	
0.000000	
0.016470	
0.003270	
0.000000	
-0.000000	
0.191717	
0.000000	
0.000000	
0.000000	
0.091323	
-0.000000	
0.000000	
0.000000	
-0.000000	
0.000000	
0.000000	
0.000000	
0.000000	
0.000000	
0.000000	
0.000000	
0.000000	
-0.000000	
0.000000	
0.110342	
0.128890	
-0.000000	
0.000000	
0.005859	
0.000000	
0.000000	
-0.000000	
0.000000	
0.000000	
0.053403	
0.000000	
-0.000000	
0.000000	
-0.000000	
-0.000000	
-0.000000	
-0.000000	
0.000000	
0.000000	
