0.000000	
0.000000	
0.000000	
0.000000	
0.001779	
-0.000000	
0.000000	
0.000000	
0.007271	
0.000000	
-0.000000	
-0.000000	
-0.000000	
-0.000000	
0.010591	
-0.000000	
0.129562	
0.142364	
-0.000000	
0.000000	
-0.000000	
0.000000	
0.050204	
0.000000	
0.011287	
-0.000000	
0.000000	
0.000000	
0.015262	
0.015450	
-0.000000	
-0.000000	
-0.000000	
0.000000	
0.019382	
0.000000	
0.000000	
0.000000	
0.173040	
-0.000000	
-0.000000	
-0.000000	
0.102898	
-0.000000	
0.000000	
-0.000000	
-0.000000	
0.000000	
-0.000000	
0.000000	
0.000000	
-0.000000	
-0.000000	
-0.000000	
-0.000000	
-0.000000	
-0.000000	
0.124955	
0.133267	
0.000000	
-0.000000	
0.012440	
0.000000	
0.000000	
-0.000000	
0.000000	
-0.000000	
0.050249	
-0.000000	
-0.000000	
-0.000000	
0.000000	
-0.000000	
0.000000	
-0.000000	
-0.000000	
-0.000000	
