0.000000	
0.000000	
0.000000	
0.000000	
0.001463	
0.000000	
0.000000	
0.000000	
0.000000	
0.000000	
0.000000	
0.000000	
0.000000	
0.000000	
0.010297	
0.000000	
0.118953	
0.130539	
0.000000	
0.000000	
0.000000	
0.000000	
0.030190	
0.000000	
0.025335	
0.013024	
0.000000	
0.000000	
0.000000	
0.025671	
0.000000	
0.000000	
0.010022	
0.000000	
0.099445	
0.000000	
0.000000	
0.000000	
0.133623	
0.000000	
0.000000	
0.000000	
0.088814	
0.000000	
0.000000	
0.000000	
0.000000	
0.000000	
0.000000	
0.000000	
0.000000	
0.000000	
0.000000	
0.000000	
0.000000	
0.000000	
0.000000	
0.139419	
0.128257	
0.000000	
0.000000	
0.007871	
0.000000	
0.000000	
0.000000	
0.000000	
0.000000	
0.036793	
0.000000	
0.000000	
0.000000	
0.000000	
0.000000	
0.000000	
0.000284	
0.000000	
0.000000	
