0.000000	
0.000000	
0.000000	
0.000000	
0.000000	
0.005482	
0.000000	
0.000000	
0.000000	
0.000000	
0.000000	
0.000000	
0.000000	
0.000000	
0.006792	
0.000000	
0.112756	
0.134571	
-0.000000	
0.000000	
0.000000	
0.000000	
0.036409	
0.000000	
0.031705	
0.006758	
0.000000	
0.000000	
0.001260	
0.025664	
-0.000000	
0.000000	
0.035230	
0.000000	
0.079041	
0.000000	
-0.000000	
0.000000	
0.136112	
0.000000	
0.000000	
-0.000000	
0.099010	
0.000000	
0.000000	
0.000000	
0.000000	
0.000000	
-0.000000	
0.000000	
0.000000	
-0.000000	
0.000000	
0.000000	
0.000000	
0.000000	
0.000000	
0.128105	
0.116011	
0.000000	
0.000000	
0.011973	
0.000000	
0.000000	
0.000000	
0.000000	
0.000000	
0.033120	
0.000000	
0.000000	
0.000000	
0.000000	
0.000000	
0.000000	
0.000000	
0.000000	
0.000000	
