0.000000	
-0.000000	
0.000000	
-0.000000	
0.000358	
0.015505	
-0.000000	
0.000000	
0.000000	
-0.000000	
0.000000	
0.000000	
0.000000	
0.000000	
0.003199	
-0.000000	
0.099115	
0.149070	
0.000000	
0.000000	
-0.000000	
-0.000000	
0.032135	
0.000000	
0.035175	
0.010740	
0.000000	
0.000000	
0.000000	
0.027638	
0.000000	
-0.000000	
0.033841	
0.000000	
0.101995	
-0.000000	
0.000000	
0.000000	
0.110400	
0.000000	
0.000000	
0.000000	
0.094646	
-0.000000	
-0.000000	
0.000000	
0.000000	
-0.000000	
-0.000000	
0.000000	
-0.000000	
0.000000	
0.000000	
-0.000000	
-0.000000	
0.000000	
0.000000	
0.121446	
0.124232	
0.000000	
-0.000000	
0.009812	
0.000000	
0.000000	
-0.000000	
0.000000	
0.000000	
0.028761	
0.000000	
0.000000	
0.000000	
0.000000	
-0.000000	
0.000000	
0.001933	
0.000000	
0.000000	
