-0.000000	
-0.000000	
-0.000000	
0.000000	
-0.000000	
0.005072	
0.000000	
0.000000	
-0.000000	
0.000000	
0.000000	
0.000000	
0.000000	
0.000000	
0.009789	
0.000000	
0.113710	
0.140974	
-0.000000	
0.000000	
0.000000	
-0.000000	
0.037979	
-0.000000	
0.028380	
0.008992	
-0.000000	
0.000000	
0.000000	
0.023298	
0.000000	
0.000000	
0.026346	
0.000000	
0.105725	
-0.000000	
-0.000000	
0.000000	
0.111156	
0.000000	
-0.000000	
0.000000	
0.094958	
-0.000000	
-0.000000	
0.000000	
-0.000000	
0.000000	
0.000000	
0.000000	
-0.000000	
-0.000000	
-0.000000	
-0.000000	
-0.000000	
0.000000	
0.000000	
0.132678	
0.121231	
0.000000	
-0.000000	
0.013045	
-0.000000	
0.000000	
-0.000000	
0.000000	
0.000000	
0.026665	
0.000000	
-0.000000	
0.000000	
-0.000000	
0.000000	
-0.000000	
-0.000000	
0.000000	
0.000000	
