0.009322	
0.018110	
0.000068	
0.007696	
0.018812	
0.000000	
0.006458	
0.023762	
0.028175	
0.006601	
0.002178	
0.020955	
0.015511	
0.024943	
0.011758	
0.000405	
0.030171	
0.000526	
0.014112	
0.011645	
0.000000	
0.000000	
0.010854	
0.002126	
0.017602	
0.015665	
0.006790	
0.022970	
0.041630	
0.011540	
0.016228	
0.011282	
0.027879	
0.000000	
0.000000	
0.000000	
0.000000	
0.048999	
0.017828	
0.000000	
0.006706	
0.012485	
0.000575	
0.021096	
0.011501	
0.003932	
0.003101	
0.004920	
0.015127	
0.013346	
0.012963	
0.000000	
0.004220	
0.005965	
0.015161	
0.007613	
0.009211	
0.001016	
0.009878	
0.025620	
0.001616	
0.016398	
0.006882	
0.026780	
0.011295	
0.021880	
0.000000	
0.012878	
0.014617	
0.017936	
0.006227	
0.028147	
0.006887	
0.000000	
0.016222	
0.014723	
0.007607	
0.009529	
0.004176	
0.019571	
0.000000	
0.001021	
0.000000	
0.015979	
0.008800	
0.009499	
0.020028	
0.002316	
0.011947	
