0.009831	
0.014316	
0.002572	
0.011621	
0.015255	
0.000000	
0.005001	
0.020230	
0.026763	
0.008890	
0.005379	
0.018231	
0.013777	
0.023189	
0.007487	
0.003504	
0.030369	
0.001331	
0.016662	
0.007437	
0.000000	
0.000000	
0.012327	
0.008067	
0.016861	
0.013356	
0.005510	
0.021679	
0.036049	
0.011448	
0.017391	
0.010176	
0.028086	
0.006082	
0.000000	
0.000000	
0.000000	
0.039809	
0.018663	
0.000943	
0.009662	
0.009759	
0.003364	
0.015959	
0.010561	
0.009309	
0.006529	
0.007270	
0.013314	
0.015848	
0.012781	
0.000000	
0.002331	
0.005306	
0.015314	
0.007649	
0.007412	
0.000379	
0.012684	
0.027660	
0.002491	
0.019887	
0.010232	
0.022790	
0.011443	
0.023016	
0.000592	
0.016544	
0.013688	
0.012753	
0.006543	
0.024143	
0.006933	
0.000000	
0.012571	
0.016331	
0.005951	
0.008126	
0.007972	
0.019202	
0.000000	
0.001755	
0.000000	
0.018014	
0.009645	
0.011529	
0.015153	
0.004083	
0.017228	
