0.006082	
0.013666	
0.000000	
0.011514	
0.013635	
0.002360	
0.005984	
0.018654	
0.024925	
0.007663	
0.006430	
0.017039	
0.013375	
0.020488	
0.008764	
0.004211	
0.028358	
0.007303	
0.017430	
0.004569	
0.002984	
0.000000	
0.013264	
0.007910	
0.014771	
0.010503	
0.004674	
0.020125	
0.036865	
0.009101	
0.015753	
0.008864	
0.031333	
0.007282	
0.000000	
0.000000	
0.002597	
0.040295	
0.017764	
0.001094	
0.009218	
0.010616	
0.002032	
0.014988	
0.010663	
0.008063	
0.005508	
0.009470	
0.012647	
0.015028	
0.014684	
0.000000	
0.005787	
0.002786	
0.016218	
0.006438	
0.009453	
0.002872	
0.014230	
0.024953	
0.004781	
0.019501	
0.012136	
0.020221	
0.010666	
0.021642	
0.002632	
0.015896	
0.014898	
0.013518	
0.007803	
0.021135	
0.008658	
0.000000	
0.008602	
0.014701	
0.009639	
0.009492	
0.008632	
0.017287	
0.000000	
0.003270	
0.000000	
0.020676	
0.014165	
0.009110	
0.012780	
0.007753	
0.017120	
