0.009125	
0.016144	
0.000000	
0.011710	
0.015609	
0.000000	
0.001495	
0.021110	
0.030596	
0.007574	
0.006132	
0.016150	
0.018630	
0.024514	
0.011114	
0.000000	
0.029924	
0.000000	
0.018158	
0.011045	
0.000000	
0.001947	
0.009687	
0.000000	
0.019382	
0.011419	
0.005410	
0.030063	
0.047060	
0.012992	
0.014092	
0.007845	
0.033930	
0.000000	
0.000000	
0.000000	
0.000000	
0.052959	
0.013815	
0.000000	
0.005664	
0.011768	
0.000287	
0.023035	
0.010261	
0.006154	
0.002594	
0.006022	
0.010163	
0.011839	
0.010960	
0.000000	
0.001809	
0.001490	
0.014151	
0.006572	
0.008445	
0.000000	
0.012205	
0.028287	
0.000000	
0.017890	
0.006638	
0.026809	
0.009564	
0.021240	
0.000000	
0.014236	
0.013371	
0.021215	
0.003099	
0.028410	
0.008352	
0.000000	
0.015198	
0.017231	
0.010819	
0.007694	
0.002039	
0.020577	
0.000000	
0.000000	
0.000000	
0.021465	
0.008078	
0.011781	
0.018774	
0.000688	
0.013494	
