0.009458	
0.014956	
0.002718	
0.011108	
0.015817	
0.000000	
0.005854	
0.019148	
0.026934	
0.009225	
0.005652	
0.017683	
0.013703	
0.021541	
0.007991	
0.004150	
0.030021	
0.001930	
0.016999	
0.006728	
0.000000	
0.000000	
0.012543	
0.007400	
0.017380	
0.012129	
0.006152	
0.021837	
0.036951	
0.010406	
0.016974	
0.009612	
0.029517	
0.005720	
0.000000	
0.000000	
0.000000	
0.040188	
0.018169	
0.001184	
0.010414	
0.008942	
0.002929	
0.014965	
0.010083	
0.008851	
0.007185	
0.007470	
0.013508	
0.015492	
0.012508	
0.000000	
0.002820	
0.005472	
0.014407	
0.007276	
0.007091	
0.000032	
0.013794	
0.027934	
0.003164	
0.019895	
0.010995	
0.022343	
0.010137	
0.022931	
0.001227	
0.016206	
0.013490	
0.013695	
0.006729	
0.023995	
0.008222	
0.000000	
0.011155	
0.016549	
0.006771	
0.008941	
0.008076	
0.017545	
0.000000	
0.002074	
0.000000	
0.019684	
0.009838	
0.011695	
0.013999	
0.004245	
0.017443	
