0.007650	
0.019186	
0.000000	
0.009938	
0.017002	
0.000000	
0.003622	
0.023551	
0.027287	
0.008014	
0.005944	
0.018535	
0.016249	
0.023145	
0.012473	
0.000000	
0.027563	
0.000000	
0.017482	
0.013095	
0.000000	
0.002917	
0.010284	
0.000182	
0.015642	
0.014472	
0.007072	
0.023731	
0.041705	
0.011602	
0.015873	
0.010408	
0.027063	
0.000000	
0.000000	
0.000000	
0.000000	
0.048320	
0.016597	
0.000000	
0.004739	
0.012865	
0.002370	
0.024330	
0.011400	
0.005878	
0.002709	
0.009844	
0.012960	
0.013507	
0.010597	
0.000000	
0.003331	
0.003852	
0.014395	
0.007702	
0.011066	
0.003793	
0.012060	
0.024934	
0.002450	
0.013744	
0.006228	
0.026557	
0.012164	
0.019372	
0.000000	
0.011746	
0.016554	
0.019630	
0.005865	
0.026476	
0.010474	
0.000000	
0.016622	
0.013800	
0.006995	
0.008778	
0.004875	
0.019591	
0.000000	
0.000000	
0.000000	
0.016399	
0.007515	
0.011581	
0.019662	
0.000758	
0.013226	
