0.006719	
0.014907	
-0.000000	
0.011851	
0.014668	
0.001177	
0.005506	
0.017116	
0.025657	
0.008888	
0.006036	
0.015374	
0.012866	
0.019774	
0.006954	
0.003785	
0.028320	
0.005764	
0.016405	
0.006870	
0.000000	
0.000000	
0.013617	
0.006949	
0.017753	
0.009103	
0.005334	
0.022030	
0.040729	
0.008534	
0.016212	
0.008881	
0.032036	
0.003955	
0.000000	
0.000000	
0.000000	
0.041612	
0.017207	
0.000519	
0.011454	
0.011594	
0.001641	
0.013752	
0.011155	
0.007450	
0.007079	
0.007480	
0.013427	
0.016193	
0.012890	
0.000000	
0.003410	
0.003731	
0.016306	
0.006984	
0.007871	
0.000218	
0.016387	
0.025705	
0.004339	
0.020942	
0.013201	
0.021976	
0.010066	
0.023257	
0.001878	
0.018000	
0.014524	
0.013333	
0.007681	
0.021182	
0.007465	
0.000000	
0.009836	
0.015824	
0.007356	
0.009390	
0.008606	
0.016312	
0.000000	
0.002558	
0.000000	
0.022630	
0.013149	
0.008949	
0.012984	
0.006820	
0.019907	
