0.000000	
0.000000	
0.517721	
0.000000	
0.000000	
0.000000	
0.200050	
0.000000	
0.000000	
0.000000	
0.000000	
0.094557	
0.000000	
0.000000	
0.034741	
0.000000	
0.000000	
0.000000	
0.063467	
0.000000	
0.000000	
0.000000	
0.000000	
0.000000	
0.000000	
0.000000	
0.000000	
0.000000	
0.000000	
0.000000	
0.000000	
0.000000	
0.000000	
0.000000	
0.000000	
0.089466	
0.000000	
0.000000	
0.000000	
0.000000	
0.000000	
0.000000	
0.000000	
0.000000	
0.000000	
0.000000	
0.000000	
0.000000	
0.000000	
0.000000	
0.000000	
0.000000	
0.000000	
0.000000	
0.000000	
0.000000	
