0.000000	
0.000000	
0.514388	
0.000000	
0.000000	
0.000000	
0.282994	
0.000000	
0.000000	
0.000000	
0.000000	
0.132616	
0.000000	
0.000000	
0.000000	
0.000000	
0.000000	
0.000000	
0.054819	
0.000000	
0.000000	
0.000000	
0.000000	
0.000000	
0.000000	
0.000000	
0.000000	
0.000000	
0.000000	
0.000000	
0.000000	
0.000000	
0.000000	
0.000000	
0.000000	
0.015183	
0.000000	
0.000000	
0.000000	
0.000000	
0.000000	
0.000000	
0.000000	
0.000000	
0.000000	
0.000000	
0.000000	
0.000000	
0.000000	
0.000000	
0.000000	
0.000000	
0.000000	
0.000000	
0.000000	
0.000000	
