0.000000	
0.000000	
0.628274	
0.007978	
0.000000	
0.000000	
0.188371	
0.000000	
0.000000	
0.000000	
0.000000	
0.077745	
0.000000	
0.000000	
0.000000	
0.000000	
0.000000	
0.000000	
0.097632	
0.000000	
0.000000	
0.000000	
0.000000	
0.000000	
0.000000	
0.000000	
0.000000	
0.000000	
0.000000	
0.000000	
0.000000	
0.000000	
0.000000	
0.000000	
0.000000	
0.000000	
0.000000	
0.000000	
0.000000	
0.000000	
0.000000	
0.000000	
0.000000	
0.000000	
0.000000	
0.000000	
0.000000	
0.000000	
0.000000	
0.000000	
0.000000	
0.000000	
0.000000	
0.000000	
0.000000	
0.000000	
