0.000000	
0.000000	
0.254930	
0.028676	
-0.000000	
-0.000000	
0.294907	
0.000000	
-0.000000	
0.000000	
0.000000	
0.113381	
-0.000000	
-0.000000	
0.000000	
-0.000000	
0.000000	
0.155847	
-0.000000	
-0.000000	
0.000000	
-0.000000	
0.000000	
-0.000000	
0.000000	
0.000000	
-0.000000	
0.000000	
0.000000	
0.000000	
-0.000000	
0.000000	
-0.000000	
0.152260	
0.000000	
-0.000000	
0.000000	
0.000000	
0.000000	
0.000000	
-0.000000	
0.000000	
0.000000	
-0.000000	
-0.000000	
0.000000	
0.000000	
-0.000000	
0.000000	
-0.000000	
-0.000000	
-0.000000	
0.000000	
0.000000	
0.000000	
-0.000000	
