0.000000	
0.000000	
0.382025	
0.000000	
0.000000	
0.000000	
0.338989	
0.000000	
0.000000	
0.000000	
0.000000	
0.125394	
0.000000	
0.000000	
0.000000	
0.000000	
0.000000	
0.053600	
0.000000	
0.000000	
-0.000000	
0.000000	
0.000000	
0.000000	
0.000000	
0.000000	
0.000000	
0.000000	
0.000000	
0.000000	
0.000000	
0.000000	
0.000000	
0.099992	
0.000000	
0.000000	
0.000000	
0.000000	
0.000000	
0.000000	
0.000000	
0.000000	
0.000000	
0.000000	
0.000000	
0.000000	
0.000000	
0.000000	
0.000000	
0.000000	
0.000000	
0.000000	
0.000000	
0.000000	
0.000000	
0.000000	
