0.000000	
0.000000	
0.255077	
0.000000	
0.000000	
0.000000	
0.318265	
0.000000	
0.000000	
0.000000	
0.000000	
0.129028	
0.000000	
0.000000	
0.000000	
0.000000	
0.000000	
0.196681	
0.000000	
0.000000	
0.000000	
0.000000	
0.000000	
0.000000	
0.000000	
0.000000	
0.000000	
0.000000	
0.000000	
0.000000	
0.000000	
0.000000	
0.000000	
0.100949	
0.000000	
0.000000	
0.000000	
0.000000	
0.000000	
0.000000	
0.000000	
0.000000	
0.000000	
0.000000	
0.000000	
0.000000	
0.000000	
0.000000	
0.000000	
0.000000	
0.000000	
0.000000	
0.000000	
0.000000	
0.000000	
0.000000	
