0.000000	
0.000000	
0.486834	
0.000000	
0.000000	
0.000000	
0.274641	
0.000000	
0.000000	
0.000000	
0.000000	
0.103007	
0.000000	
0.000000	
0.000000	
0.000000	
0.000000	
0.135519	
0.000000	
0.000000	
0.000000	
0.000000	
0.000000	
0.000000	
0.000000	
0.000000	
0.000000	
0.000000	
0.000000	
0.000000	
0.000000	
0.000000	
0.000000	
0.000000	
0.000000	
0.000000	
0.000000	
0.000000	
0.000000	
0.000000	
0.000000	
0.000000	
0.000000	
0.000000	
0.000000	
0.000000	
0.000000	
0.000000	
0.000000	
0.000000	
0.000000	
0.000000	
0.000000	
0.000000	
0.000000	
0.000000	
