0.000000	
0.000000	
0.358299	
0.028597	
0.000000	
0.000000	
0.259839	
0.000000	
0.000000	
0.000000	
-0.000000	
0.161621	
0.000000	
0.000000	
0.000000	
0.000000	
0.000000	
0.120286	
0.000000	
0.000000	
0.000000	
0.000000	
0.000000	
0.000000	
0.000000	
0.000000	
0.000000	
0.000000	
0.000000	
0.000000	
0.000000	
0.000000	
0.000000	
0.012448	
0.000000	
0.058911	
0.000000	
0.000000	
0.000000	
0.000000	
0.000000	
0.000000	
0.000000	
0.000000	
0.000000	
0.000000	
0.000000	
0.000000	
0.000000	
0.000000	
0.000000	
0.000000	
0.000000	
0.000000	
0.000000	
0.000000	
