0.393249	
0.000000	
0.000000	
0.111036	
0.000000	
0.000000	
0.079124	
0.000000	
0.000000	
0.000000	
0.000000	
0.018169	
0.000000	
0.000000	
0.000000	
0.000000	
0.000000	
0.002446	
0.125738	
0.000000	
0.000000	
0.000000	
0.000000	
0.000000	
0.000000	
0.000000	
0.000000	
0.000000	
0.000000	
0.000000	
0.000000	
0.000000	
0.000000	
0.085721	
0.000000	
0.184516	
0.000000	
0.000000	
0.000000	
0.000000	
0.000000	
0.000000	
0.000000	
0.000000	
0.000000	
0.000000	
0.000000	
0.000000	
0.000000	
0.000000	
0.000000	
0.000000	
0.000000	
0.000000	
0.000000	
0.000000	
