-0.0000000000	
-0.0000000000	
0.0000000000	
-0.0000000000	
-0.0000000000	
0.0000000000	
-0.0000000000	
-0.0000000000	
0.0498492773	
0.0000000000	
-0.0000000000	
0.0000000000	
-0.0000000000	
0.0038909098	
0.0000000000	
0.0000000000	
0.0940500008	
0.0634920119	
-0.0000000000	
-0.0000000000	
0.0000000000	
-0.0000000000	
0.0167760876	
0.0000000000	
0.0000000000	
0.0000000000	
0.0000000000	
0.0035106567	
0.0013635451	
0.0439389337	
0.0000000000	
0.0000000000	
0.0000000000	
0.0000000000	
0.0000000000	
-0.0000000000	
0.0000000000	
-0.0000000000	
0.3324087014	
0.0000000000	
-0.0000000000	
0.0000000000	
0.1039239653	
-0.0000000000	
0.0000000000	
0.0000000000	
0.0000000000	
-0.0000000000	
0.0000000000	
0.0073774497	
-0.0000000000	
0.0000000000	
0.0000000000	
-0.0000000000	
0.0000000000	
0.0000000000	
-0.0000000000	
0.0000000000	
0.1244442338	
0.0464467194	
0.0000000000	
0.0000000000	
0.0000000000	
-0.0000000000	
0.0000000000	
-0.0000000000	
0.0000000000	
0.1085275075	
0.0000000000	
0.0000000000	
0.0000000000	
0.0000000000	
0.0000000000	
0.0000000000	
0.0000000000	
-0.0000000000	
0.0000000000	
