-0.0000000000	
0.0000000000	
0.0000000000	
0.0000000000	
0.0000000000	
0.0000000000	
0.0000000000	
0.0000000000	
0.0532469139	
0.0000000000	
0.0000000000	
0.0000000000	
0.0000000000	
0.0000000000	
0.0010183442	
0.0000000000	
0.1059694226	
0.0788953592	
0.0000000000	
0.0000000000	
0.0000000000	
0.0000000000	
0.0314755971	
0.0000000000	
0.0000000000	
0.0115772099	
0.0000000000	
0.0086976246	
0.0000000007	
0.0501836956	
0.0000000000	
-0.0000000000	
0.0000002671	
0.0000000000	
0.0000000000	
0.0000000000	
-0.0000000000	
0.0000000000	
0.3200707882	
0.0000000000	
0.0000000000	
0.0000000000	
0.0930150404	
0.0000000000	
0.0000000000	
0.0000000000	
0.0000000000	
0.0000000000	
0.0000000000	
0.0000000000	
0.0000000000	
0.0000000000	
0.0000000000	
0.0000000000	
0.0000000000	
-0.0000000000	
-0.0000000000	
0.0000000000	
0.1181553558	
0.0316483821	
0.0000000000	
0.0000000000	
0.0000000000	
0.0000000000	
0.0000000000	
0.0000000000	
0.0000000000	
0.0960459987	
0.0000000000	
-0.0000000000	
0.0000000000	
0.0000000000	
0.0000000000	
0.0000000000	
0.0000000000	
0.0000000000	
0.0000000000	
