0.0000000000	
0.0000000000	
0.0000000000	
0.0000000000	
0.0000000000	
0.0000000000	
0.0000000000	
0.0000000000	
0.0630177210	
0.0000000000	
0.0000000000	
0.0000000000	
0.0000000000	
0.0000000000	
0.0217357446	
0.0000000000	
0.1250731884	
0.1454839929	
0.0000000000	
0.0000000000	
0.0000000000	
0.0000000000	
0.0306338325	
0.0000000000	
0.0000000000	
0.0000000000	
0.0000000000	
0.0000000000	
0.0000000000	
0.0565714591	
0.0000000000	
0.0000000000	
0.0015508439	
0.0000000000	
0.0000000000	
0.0000000000	
0.0000000000	
0.0000000000	
0.2965001835	
0.0000000000	
0.0000000000	
0.0000000000	
0.0747596660	
0.0000000000	
0.0000000000	
0.0000000000	
0.0000000000	
0.0000000000	
0.0000000000	
0.0000000000	
0.0000000000	
0.0000000000	
0.0000000000	
0.0000000000	
0.0000000000	
0.0000000000	
-0.0000000000	
0.0000000000	
0.0832947916	
0.0132257114	
0.0000000000	
0.0000000000	
0.0000000000	
0.0000000000	
0.0000000000	
0.0000000000	
0.0000000000	
0.0881528649	
0.0000000000	
0.0000000000	
0.0000000000	
0.0000000000	
0.0000000000	
0.0000000000	
0.0000000000	
0.0000000000	
0.0000000000	
