0.0000000000	
0.0000000000	
0.0000000000	
0.0000000000	
0.0000000000	
0.0000000000	
0.0000000000	
0.0000000000	
0.0602852696	
-0.0000000000	
0.0000000000	
0.0000000000	
0.0000000000	
-0.0000000000	
0.0399993555	
0.0000000000	
0.1042508764	
0.1220386481	
-0.0000000000	
0.0000000000	
0.0000000000	
0.0000000000	
0.0312065231	
0.0000000000	
0.0000000000	
0.0000000000	
-0.0000000000	
0.0075235592	
0.0000000000	
0.0438124871	
0.0000000000	
0.0000000000	
0.0000000000	
0.0000000000	
0.0000000000	
0.0000000000	
0.0000000000	
0.0000000000	
0.3373991444	
0.0000000000	
0.0000000000	
0.0000000000	
0.0811471594	
0.0000000000	
0.0000000000	
0.0000000000	
0.0000000000	
0.0000000000	
0.0000000000	
0.0000000000	
0.0000000000	
0.0000000000	
0.0057928312	
0.0000000000	
0.0000000000	
-0.0000000000	
0.0000000000	
0.0000000000	
0.0771135692	
0.0112110256	
0.0000000000	
0.0000000000	
-0.0000000000	
0.0000000000	
-0.0000000000	
0.0000000000	
0.0000000000	
0.0782195513	
0.0000000000	
-0.0000000000	
0.0000000000	
0.0000000000	
0.0000000000	
0.0000000000	
0.0000000000	
-0.0000000000	
0.0000000000	
