0.0000000000	
0.0000000000	
0.0000000000	
0.0000000000	
-0.0000000000	
0.0000000000	
-0.0000000000	
-0.0000000000	
0.0246914311	
-0.0000000000	
0.0000000000	
0.0000000000	
0.0000000000	
0.0000000000	
0.0000000000	
0.0000000000	
0.0635947649	
0.2015628363	
0.0000000000	
-0.0000000000	
0.0000000000	
0.0000000000	
0.0278460767	
-0.0000000000	
0.0000000000	
0.0000000000	
0.0000000000	
0.0000000000	
0.0000000000	
0.0250648131	
0.0000000000	
0.0000000000	
0.0129855438	
0.0000000000	
0.0273228557	
0.0000000000	
0.0000000000	
-0.0000000000	
0.1775294185	
0.0000000000	
0.0000000000	
0.0000000000	
0.1147351034	
0.0000000000	
0.0000000000	
0.0000000000	
-0.0000000000	
0.0000000000	
-0.0000000000	
0.0000000000	
0.0000000000	
-0.0000000000	
0.0000000000	
0.0000000000	
0.0000000000	
0.0000000000	
0.0000000000	
0.1089117890	
0.1250044928	
0.0222612187	
0.0000000000	
0.0000000000	
-0.0000000000	
-0.0000000000	
0.0000000000	
0.0000000000	
0.0000000000	
0.0684896559	
-0.0000000000	
-0.0000000000	
-0.0000000000	
-0.0000000000	
0.0000000000	
0.0000000000	
0.0000000000	
0.0000000000	
0.0000000000	
