0.0000000000	
0.0000000000	
0.0000000000	
0.0000000000	
0.0000000000	
-0.0000000000	
-0.0000000000	
0.0000000000	
0.0449872146	
0.0000000000	
0.0000000000	
0.0000000000	
0.0000000000	
0.0000000000	
0.0071475806	
0.0000000000	
0.0980694640	
0.2251943358	
0.0000000000	
0.0000000000	
-0.0000000000	
0.0000000000	
0.0258899663	
-0.0000000000	
0.0077826180	
0.0000000000	
0.0000000000	
0.0153768250	
0.0000000000	
0.0202629940	
0.0000000000	
0.0000000000	
0.0061077571	
0.0000000000	
-0.0000000000	
0.0000000000	
-0.0000000000	
0.0000000000	
0.1492039729	
0.0000000000	
0.0000000000	
0.0000000000	
0.1429049076	
0.0000000000	
0.0000000000	
0.0000000000	
0.0000000000	
0.0000000000	
0.0000000000	
0.0000000000	
0.0000000000	
0.0000000000	
-0.0000000000	
0.0000000000	
0.0000000000	
-0.0000000000	
0.0000000000	
0.0880037270	
0.0978505120	
0.0244787974	
0.0000000000	
0.0000000000	
0.0000000000	
0.0000000000	
0.0000000000	
0.0000000000	
0.0000000000	
0.0467393278	
0.0000000000	
-0.0000000000	
0.0000000000	
0.0000000000	
-0.0000000000	
0.0000000000	
0.0000000000	
-0.0000000000	
-0.0000000000	
