-0.0000000003	
-0.0000000003	
-0.0000000003	
-0.0000000003	
-0.0000000003	
-0.0000000000	
-0.0000000003	
-0.0000000003	
0.0411331406	
-0.0000000003	
-0.0000000003	
-0.0000000003	
-0.0000000003	
-0.0000000003	
0.0000000142	
0.0000000000	
0.0471719670	
0.2325301596	
-0.0000000003	
-0.0000000003	
-0.0000000003	
-0.0000000003	
0.0348693853	
-0.0000000003	
0.0063042322	
-0.0000000000	
-0.0000000003	
-0.0000000001	
-0.0000000001	
0.0290793908	
-0.0000000002	
-0.0000000003	
0.0306113410	
-0.0000000003	
0.0000000000	
-0.0000000002	
-0.0000000000	
-0.0000000003	
0.2322443438	
-0.0000000003	
-0.0000000003	
-0.0000000003	
0.1069383639	
-0.0000000003	
-0.0000000003	
-0.0000000003	
-0.0000000003	
-0.0000000003	
-0.0000000003	
-0.0000000003	
-0.0000000003	
0.0000000000	
0.0069527386	
-0.0000000003	
-0.0000000003	
-0.0000000003	
-0.0000000003	
0.0556716966	
0.1124885092	
0.0287563446	
-0.0000000003	
0.0000000000	
0.0000000000	
-0.0000000003	
-0.0000000003	
-0.0000000003	
-0.0000000000	
0.0352483891	
-0.0000000003	
-0.0000000003	
-0.0000000003	
0.0000000000	
-0.0000000003	
-0.0000000003	
-0.0000000003	
-0.0000000003	
-0.0000000003	
