0.0091641998	
0.0077273400	
0.0081440467	
0.0123524804	
0.0089027217	
0.0220682462	
0.0070797491	
0.0127537183	
0.0227831951	
0.0134885702	
0.0145356285	
0.0153733418	
0.0086842288	
0.0000000000	
0.0324108655	
0.0128679673	
0.0126943542	
0.0107087259	
0.0086427173	
0.0154286962	
0.0079679655	
0.0022144153	
0.0120971595	
0.0157362010	
0.0274251460	
0.0179210207	
0.0055204820	
0.0243527101	
0.0169426720	
0.0200282774	
0.0245349541	
0.0093366813	
0.0259956130	
0.0040017986	
0.0029974545	
0.0048395294	
0.0144714480	
0.0000000000	
0.0044289410	
0.0141784840	
0.0035709279	
0.0041353055	
0.0399649221	
0.0058279366	
0.0073680554	
0.0057138851	
0.0072876536	
0.0132107174	
0.0142773032	
0.0197519633	
0.0123967711	
0.0177655289	
0.0101416785	
0.0095815537	
0.0043462203	
0.0211236570	
0.0064765714	
0.0053033409	
0.0254529450	
0.0262863910	
0.0055003172	
0.0254324006	
0.0112478697	
0.0172726989	
0.0068411018	
0.0073400474	
0.0303539913	
0.0177048518	
0.0116598047	
0.0000000000	
0.0033824962	
0.0247805454	
0.0219465011	
0.0100023110	
0.0124128757	
0.0179057426	
0.0054313703	
