0.0109804829	
0.0083054950	
0.0093572999	
0.0118872342	
0.0100407545	
0.0211912763	
0.0088589237	
0.0123219814	
0.0212760208	
0.0157377538	
0.0140661359	
0.0154154457	
0.0084441869	
0.0053155091	
0.0296632207	
0.0139990889	
0.0115033800	
0.0113272990	
0.0078905175	
0.0152896052	
0.0076988528	
0.0042603211	
0.0135302135	
0.0146533918	
0.0282989185	
0.0154103182	
0.0056707661	
0.0220553041	
0.0163289521	
0.0196684553	
0.0245987017	
0.0110754931	
0.0226323042	
0.0051731684	
0.0045378430	
0.0059329595	
0.0145748881	
0.0001338146	
0.0059742753	
0.0141147328	
0.0051075175	
0.0050193210	
0.0354227774	
0.0057954352	
0.0085758523	
0.0066167882	
0.0090858467	
0.0123423209	
0.0135156062	
0.0200319739	
0.0135527431	
0.0164331990	
0.0105289982	
0.0097840507	
0.0050270923	
0.0190705260	
0.0065971701	
0.0069748928	
0.0228298813	
0.0232021934	
0.0069568323	
0.0254084683	
0.0114558060	
0.0164939480	
0.0075357966	
0.0073327701	
0.0262471318	
0.0173913860	
0.0128198323	
0.0000000000	
0.0052685597	
0.0221565025	
0.0191036305	
0.0102698416	
0.0136724445	
0.0169826491	
0.0061949283	
