0.0092031758	
0.0076731968	
0.0084976861	
0.0134427560	
0.0065895351	
0.0226352110	
0.0082105234	
0.0146823138	
0.0232100706	
0.0116856523	
0.0168936804	
0.0159372099	
0.0091277934	
0.0000000000	
0.0363527927	
0.0146310189	
0.0129246191	
0.0105200345	
0.0099754879	
0.0152909080	
0.0069347720	
0.0016259592	
0.0104354378	
0.0172875307	
0.0204383833	
0.0178482133	
0.0047715955	
0.0310884611	
0.0158404179	
0.0220912134	
0.0236721813	
0.0102856702	
0.0168414868	
0.0038673258	
0.0025816322	
0.0053897047	
0.0143958851	
0.0000000000	
0.0043791861	
0.0147773805	
0.0040246128	
0.0048397457	
0.0060153237	
0.0072941231	
0.0077087085	
0.0058570972	
0.0076916707	
0.0149613558	
0.0149119312	
0.0208125624	
0.0135954909	
0.0194991819	
0.0119705806	
0.0090417159	
0.0014813641	
0.0241705149	
0.0071185682	
0.0054251982	
0.0261099968	
0.0305723447	
0.0058675038	
0.0242675640	
0.0103890962	
0.0210687678	
0.0074335606	
0.0049121212	
0.0350792993	
0.0184573277	
0.0139340048	
0.0000000000	
0.0023237478	
0.0279943892	
0.0244811862	
0.0131055231	
0.0135143261	
0.0171503547	
0.0048830373	
