0.0080167058	
0.0081105780	
0.0076132530	
0.0131084143	
0.0108731554	
0.0234584351	
0.0069899072	
0.0134622705	
0.0235509036	
0.0139314413	
0.0146414503	
0.0164780907	
0.0090398093	
0.0000000000	
0.0334336772	
0.0137205074	
0.0125349627	
0.0113931527	
0.0083830716	
0.0154624400	
0.0064250433	
0.0012075317	
0.0134628913	
0.0171694732	
0.0243717510	
0.0188961710	
0.0053481803	
0.0271412571	
0.0187995321	
0.0212146991	
0.0256030571	
0.0088841024	
0.0155385409	
0.0028171796	
0.0029148784	
0.0050627344	
0.0132935535	
0.0000000000	
0.0050245934	
0.0134531950	
0.0036653192	
0.0038443319	
0.0411199636	
0.0049748746	
0.0067033923	
0.0056503667	
0.0065849798	
0.0132052382	
0.0136755613	
0.0215423140	
0.0125955362	
0.0178146909	
0.0106236009	
0.0094489241	
0.0026383963	
0.0223523190	
0.0066659456	
0.0054794134	
0.0258105230	
0.0276586476	
0.0047469369	
0.0217300403	
0.0119809763	
0.0188807017	
0.0067548003	
0.0058829331	
0.0317011920	
0.0186886466	
0.0125703409	
0.0000000000	
0.0002733589	
0.0251279469	
0.0233654362	
0.0108776935	
0.0127436985	
0.0176342905	
0.0041560781	
