0.0111325246	
0.0081883331	
0.0095713316	
0.0112708852	
0.0102633547	
0.0202398924	
0.0084915822	
0.0113076637	
0.0217581165	
0.0173697762	
0.0144401070	
0.0158706588	
0.0087358962	
0.0063658221	
0.0283408200	
0.0131233829	
0.0124183453	
0.0107647476	
0.0078920312	
0.0156916518	
0.0066988913	
0.0051497764	
0.0135716349	
0.0140745315	
0.0302398605	
0.0153137844	
0.0061596881	
0.0217268557	
0.0167967919	
0.0199257703	
0.0247075035	
0.0098024185	
0.0229693545	
0.0056450798	
0.0055952896	
0.0065471533	
0.0149841983	
0.0001753650	
0.0073100018	
0.0139707072	
0.0055578022	
0.0050102336	
0.0349183169	
0.0051869338	
0.0084739915	
0.0066942674	
0.0090389145	
0.0121550626	
0.0130895211	
0.0198449144	
0.0123207764	
0.0156140768	
0.0115482761	
0.0105728951	
0.0049440048	
0.0202345992	
0.0074500916	
0.0088165213	
0.0231777607	
0.0239208560	
0.0067821916	
0.0254329501	
0.0111948093	
0.0154594560	
0.0071285034	
0.0080765049	
0.0252250626	
0.0181213454	
0.0124170076	
0.0000000000	
0.0053395542	
0.0213003041	
0.0169577077	
0.0089691857	
0.0126887782	
0.0164089394	
0.0053263041	
