0.0118217329	
0.0082883333	
0.0100840867	
0.0137035750	
0.0000000000	
0.0170566838	
0.0089467132	
0.0117254018	
0.0205509822	
0.0162685776	
0.0130323023	
0.0159405543	
0.0098211345	
0.0091666809	
0.0243181161	
0.0122112547	
0.0132155104	
0.0124104794	
0.0085128105	
0.0153546555	
0.0069433354	
0.0073982154	
0.0141956194	
0.0146040743	
0.0255498317	
0.0152096401	
0.0065342314	
0.0202336809	
0.0188451834	
0.0204923292	
0.0204760771	
0.0112249168	
0.0203404338	
0.0071713493	
0.0069076532	
0.0083357443	
0.0149245451	
0.0024651124	
0.0086822766	
0.0143807229	
0.0069272888	
0.0068129289	
0.0314915132	
0.0074549937	
0.0093453561	
0.0080592751	
0.0087263469	
0.0138319667	
0.0134781614	
0.0192280749	
0.0129618144	
0.0175907699	
0.0133557957	
0.0098250902	
0.0053676607	
0.0203049816	
0.0094986837	
0.0100534757	
0.0223696039	
0.0234360306	
0.0049209792	
0.0248150520	
0.0120989587	
0.0163067590	
0.0084391789	
0.0087878053	
0.0220407348	
0.0167265277	
0.0120834003	
0.0000000000	
0.0058637763	
0.0186326775	
0.0158145523	
0.0124591565	
0.0119564245	
0.0152595065	
0.0063301408	
