0.0113512796	
0.0083045946	
0.0095008408	
0.0112671764	
0.0105419089	
0.0200582695	
0.0088715491	
0.0108352906	
0.0221790759	
0.0176970402	
0.0143973005	
0.0161265620	
0.0086474765	
0.0069125251	
0.0282671557	
0.0128534789	
0.0123931619	
0.0110011277	
0.0077407772	
0.0158986076	
0.0060139101	
0.0054827046	
0.0135089792	
0.0140543381	
0.0305403098	
0.0151799804	
0.0062881926	
0.0214301185	
0.0169681200	
0.0198742618	
0.0241355364	
0.0097170926	
0.0229379403	
0.0056556112	
0.0057856808	
0.0068228456	
0.0151065158	
0.0001531891	
0.0074584106	
0.0138031637	
0.0057028603	
0.0051453752	
0.0347225984	
0.0049357207	
0.0084273267	
0.0068801663	
0.0090853622	
0.0120734224	
0.0128480125	
0.0194771508	
0.0126026923	
0.0155849300	
0.0117235720	
0.0106387163	
0.0048892664	
0.0203963651	
0.0077426565	
0.0093964303	
0.0236488147	
0.0238402410	
0.0067286272	
0.0251399231	
0.0112407670	
0.0152752602	
0.0071270711	
0.0079754761	
0.0244834562	
0.0181190212	
0.0123760322	
0.0000000000	
0.0051964908	
0.0206681626	
0.0169269432	
0.0089071896	
0.0129330245	
0.0161486897	
0.0052300851	
