0.0113476030	
0.0081424716	
0.0092324712	
0.0120247904	
0.0000000000	
0.0167210428	
0.0112218509	
0.0111013719	
0.0203650362	
0.0159031815	
0.0137275632	
0.0152186929	
0.0093981692	
0.0065115250	
0.0276289023	
0.0134894495	
0.0129371747	
0.0132482126	
0.0082423575	
0.0146695904	
0.0087555444	
0.0063614839	
0.0176213784	
0.0156084076	
0.0255724818	
0.0212390260	
0.0063226160	
0.0212368877	
0.0184894852	
0.0211200957	
0.0163598731	
0.0106206761	
0.0210691561	
0.0079941564	
0.0061180562	
0.0080750936	
0.0153198948	
0.0027601734	
0.0085095623	
0.0127616305	
0.0069499277	
0.0069113212	
0.0301192335	
0.0067611837	
0.0087694748	
0.0079497743	
0.0073321638	
0.0129169477	
0.0120712557	
0.0182588825	
0.0123102002	
0.0210170804	
0.0144574194	
0.0088380819	
0.0052742996	
0.0193689894	
0.0081215275	
0.0097717074	
0.0216767024	
0.0219919965	
0.0042677442	
0.0254734937	
0.0123656054	
0.0160826709	
0.0094174577	
0.0088773529	
0.0216502810	
0.0166268253	
0.0122374823	
0.0000000000	
0.0056533546	
0.0170348869	
0.0162093797	
0.0151189929	
0.0129385691	
0.0144305471	
0.0077000509	
