0.0110002180	
0.0089899663	
0.0093494413	
0.0137323245	
0.0000000000	
0.0169567846	
0.0114533486	
0.0116404056	
0.0202346067	
0.0180086762	
0.0138580900	
0.0157724133	
0.0092109047	
0.0076937296	
0.0248876521	
0.0127205896	
0.0131486885	
0.0132622486	
0.0080962937	
0.0151970239	
0.0073665916	
0.0064961013	
0.0187231362	
0.0147792457	
0.0251390584	
0.0212544614	
0.0058982752	
0.0238241316	
0.0195763077	
0.0208229698	
0.0173651262	
0.0106896129	
0.0209403690	
0.0063805462	
0.0059051197	
0.0081736979	
0.0159023627	
0.0026775502	
0.0082837349	
0.0127692676	
0.0065750441	
0.0065508918	
0.0305382524	
0.0075098484	
0.0086903738	
0.0074466209	
0.0078184184	
0.0123042617	
0.0124971043	
0.0189804050	
0.0123191076	
0.0186644513	
0.0131752537	
0.0093180684	
0.0050019000	
0.0203697889	
0.0081583730	
0.0096577103	
0.0221231073	
0.0243277448	
0.0041728940	
0.0254859352	
0.0116924988	
0.0160942573	
0.0091691945	
0.0079227373	
0.0210094300	
0.0167927907	
0.0127766463	
0.0000000000	
0.0063593803	
0.0177511340	
0.0145988473	
0.0136187714	
0.0114425810	
0.0144445118	
0.0064605922	
