0.0111441947	
0.0088037798	
0.0094222457	
0.0134322328	
0.0000000000	
0.0171619847	
0.0112932090	
0.0110317325	
0.0208423563	
0.0179077536	
0.0138168571	
0.0162819865	
0.0092121212	
0.0076452385	
0.0250968211	
0.0126569386	
0.0128392104	
0.0132854207	
0.0083203404	
0.0154303958	
0.0071927994	
0.0064043632	
0.0179666685	
0.0147720448	
0.0251876218	
0.0206300014	
0.0059640550	
0.0233972511	
0.0195609287	
0.0211779835	
0.0164648764	
0.0104874400	
0.0208831737	
0.0063513270	
0.0058840184	
0.0081773143	
0.0160081607	
0.0024889743	
0.0083761715	
0.0129686094	
0.0063531684	
0.0064588053	
0.0310891474	
0.0070723068	
0.0086803924	
0.0072574374	
0.0077202502	
0.0123386553	
0.0127420803	
0.0190720827	
0.0124264783	
0.0189001985	
0.0135368231	
0.0094060927	
0.0048363575	
0.0203414205	
0.0083517555	
0.0096923333	
0.0226289892	
0.0244707371	
0.0040271908	
0.0259398143	
0.0119105004	
0.0163776788	
0.0093833863	
0.0076593727	
0.0210999136	
0.0166226708	
0.0126883946	
0.0000000000	
0.0062933886	
0.0178799348	
0.0151072605	
0.0134203037	
0.0114496925	
0.0147369500	
0.0060594332	
