0.0109965873	
0.0076769865	
0.0090129763	
0.0121565694	
0.0000796156	
0.0154203950	
0.0114775469	
0.0129252894	
0.0195893086	
0.0155969118	
0.0128334582	
0.0151191026	
0.0113741934	
0.0076981778	
0.0306953714	
0.0134513260	
0.0130518080	
0.0131992589	
0.0076930559	
0.0147851656	
0.0086042924	
0.0055894882	
0.0190340957	
0.0162798844	
0.0266357168	
0.0190506470	
0.0057133654	
0.0207023568	
0.0182089553	
0.0196670810	
0.0163219264	
0.0103652160	
0.0200707188	
0.0077966241	
0.0058802625	
0.0077306957	
0.0155470405	
0.0017483995	
0.0087294357	
0.0117686164	
0.0066440170	
0.0071370177	
0.0309251419	
0.0064915110	
0.0085938002	
0.0074018412	
0.0059523742	
0.0126579274	
0.0114378548	
0.0160876694	
0.0125812750	
0.0209500055	
0.0148103000	
0.0073977146	
0.0056328496	
0.0200696076	
0.0089385655	
0.0100231453	
0.0220418350	
0.0234855331	
0.0040066467	
0.0248715012	
0.0127934735	
0.0173749539	
0.0087166967	
0.0086152361	
0.0221123142	
0.0158029285	
0.0133332496	
0.0000000000	
0.0061974371	
0.0179710079	
0.0167572192	
0.0167097551	
0.0142336585	
0.0140521131	
0.0069138998	
