0.0111089655	
0.0077857147	
0.0091314551	
0.0122861083	
0.0003291095	
0.0153905272	
0.0114244488	
0.0130395133	
0.0195083969	
0.0156205966	
0.0129563197	
0.0152271035	
0.0113778164	
0.0077840887	
0.0302579682	
0.0134858181	
0.0131192534	
0.0133297184	
0.0077973195	
0.0148180073	
0.0086306366	
0.0056986119	
0.0188367290	
0.0162041264	
0.0265596535	
0.0192901964	
0.0058170172	
0.0204101999	
0.0180301260	
0.0198257365	
0.0163239660	
0.0103451951	
0.0200281940	
0.0079269223	
0.0058913470	
0.0077313353	
0.0154594240	
0.0019106803	
0.0086872618	
0.0118295304	
0.0069837751	
0.0071748533	
0.0307437227	
0.0066245069	
0.0087322488	
0.0074904007	
0.0062119725	
0.0126025456	
0.0114167892	
0.0160829772	
0.0125793932	
0.0206832333	
0.0148003234	
0.0073627319	
0.0055654373	
0.0201385275	
0.0091527621	
0.0100751150	
0.0219380565	
0.0235296784	
0.0042350093	
0.0246347322	
0.0128098351	
0.0167072818	
0.0087491436	
0.0087371768	
0.0220475856	
0.0159820856	
0.0131388521	
0.0000000000	
0.0062967607	
0.0177858874	
0.0164057026	
0.0161038602	
0.0143728295	
0.0140812322	
0.0068078362	
