0.0108681355	
0.0079750422	
0.0088988448	
0.0127434686	
0.0000000000	
0.0175247336	
0.0111643119	
0.0113390750	
0.0205542874	
0.0175848476	
0.0146028986	
0.0149093787	
0.0092804791	
0.0060633823	
0.0283980313	
0.0133915945	
0.0125905868	
0.0136273828	
0.0087515347	
0.0145496300	
0.0082537505	
0.0060486072	
0.0176293884	
0.0149212779	
0.0265385344	
0.0208193170	
0.0057784483	
0.0216441202	
0.0203195806	
0.0214696409	
0.0167752998	
0.0103327485	
0.0207009698	
0.0068644270	
0.0057290047	
0.0076034176	
0.0151869251	
0.0027977964	
0.0077828400	
0.0124788039	
0.0066216860	
0.0062305027	
0.0301361539	
0.0069089309	
0.0082382774	
0.0077507073	
0.0079915981	
0.0121742415	
0.0120339821	
0.0187099871	
0.0127066567	
0.0210771395	
0.0137322820	
0.0092057339	
0.0057558056	
0.0200710631	
0.0080508496	
0.0090482467	
0.0223081836	
0.0234673979	
0.0036308436	
0.0259501138	
0.0117591590	
0.0162429701	
0.0093126363	
0.0075702574	
0.0217595326	
0.0168476829	
0.0124176991	
0.0000000000	
0.0061683506	
0.0177674030	
0.0166798138	
0.0133652568	
0.0118620630	
0.0146452636	
0.0073089852	
