0.0109877709	
0.0080773521	
0.0091059138	
0.0128957358	
0.0000000000	
0.0175420408	
0.0112090531	
0.0114626032	
0.0204567106	
0.0177549594	
0.0141601124	
0.0150620526	
0.0094862681	
0.0063884560	
0.0279452383	
0.0132511543	
0.0126442895	
0.0137581321	
0.0088912804	
0.0145686151	
0.0086355084	
0.0062838061	
0.0174439347	
0.0150081587	
0.0264684973	
0.0203972101	
0.0061704308	
0.0217481966	
0.0196426741	
0.0213615047	
0.0165396460	
0.0104184130	
0.0205002373	
0.0070045051	
0.0058762387	
0.0077742379	
0.0152136935	
0.0030726126	
0.0079053943	
0.0124111210	
0.0067530222	
0.0063961231	
0.0295447277	
0.0069463355	
0.0084169388	
0.0078334037	
0.0082137136	
0.0120642153	
0.0119059327	
0.0183498916	
0.0125899181	
0.0206381829	
0.0135884469	
0.0093919912	
0.0059728618	
0.0199673150	
0.0081866074	
0.0091345649	
0.0219114854	
0.0232490186	
0.0037911838	
0.0252773724	
0.0117963270	
0.0163368334	
0.0093904707	
0.0080907930	
0.0214192258	
0.0168129677	
0.0127539654	
0.0000000000	
0.0061562134	
0.0176350884	
0.0165898636	
0.0133813813	
0.0119696739	
0.0145359372	
0.0074842474	
