0.0108376812	
0.0070790104	
0.0080607378	
0.0114847853	
0.0063107912	
0.0182642974	
0.0119287129	
0.0131316365	
0.0173556671	
0.0141728314	
0.0121039143	
0.0145512879	
0.0112666375	
0.0073597427	
0.0281487265	
0.0167488657	
0.0127881128	
0.0149908878	
0.0080943698	
0.0152557114	
0.0098373317	
0.0044156472	
0.0177812792	
0.0156751488	
0.0250756503	
0.0194348112	
0.0070243845	
0.0208753486	
0.0162769065	
0.0176813935	
0.0164444777	
0.0099414231	
0.0213505123	
0.0075747848	
0.0066113699	
0.0077845961	
0.0158208170	
0.0023199332	
0.0084931611	
0.0111631749	
0.0075577952	
0.0072419765	
0.0294321093	
0.0068344212	
0.0076989943	
0.0077954090	
0.0056107510	
0.0125292437	
0.0106966749	
0.0150888087	
0.0113838989	
0.0198023564	
0.0150675128	
0.0130546159	
0.0039705548	
0.0199584006	
0.0083955276	
0.0102509015	
0.0200976907	
0.0230189850	
0.0041208438	
0.0247256199	
0.0131850321	
0.0151134716	
0.0093443261	
0.0121398024	
0.0216299748	
0.0155470166	
0.0141674220	
0.0000000000	
0.0065384441	
0.0188922440	
0.0161678019	
0.0145785582	
0.0155331352	
0.0149266269	
0.0063864933	
