0.0102853827	
0.0070500618	
0.0085701640	
0.0122823173	
0.0042736901	
0.0153618121	
0.0116748204	
0.0148698659	
0.0185849365	
0.0140033196	
0.0132231827	
0.0142971872	
0.0122934941	
0.0069793486	
0.0314563212	
0.0154937083	
0.0124890572	
0.0137533384	
0.0080901124	
0.0144157728	
0.0091036551	
0.0048132396	
0.0196382109	
0.0163893283	
0.0251773679	
0.0191789481	
0.0052107995	
0.0211122221	
0.0179035719	
0.0196889295	
0.0164545724	
0.0098447944	
0.0197939736	
0.0078576843	
0.0052723011	
0.0072508506	
0.0145493098	
0.0013893705	
0.0077405503	
0.0114888376	
0.0067115510	
0.0071063950	
0.0302226773	
0.0064660941	
0.0080735167	
0.0072184474	
0.0061551176	
0.0122597392	
0.0113461467	
0.0156482893	
0.0126918923	
0.0212499316	
0.0141835962	
0.0086559577	
0.0055236404	
0.0204652316	
0.0083993241	
0.0093232170	
0.0213055509	
0.0236974175	
0.0038100476	
0.0248831002	
0.0125852211	
0.0170639792	
0.0085681227	
0.0097790495	
0.0218172037	
0.0157107174	
0.0136911792	
0.0000000000	
0.0061202428	
0.0188367015	
0.0168621584	
0.0169110497	
0.0141654225	
0.0157661990	
0.0074194613	
