0.0101665793	
0.0070118604	
0.0085788340	
0.0122136116	
0.0035033471	
0.0156103179	
0.0117772473	
0.0149256357	
0.0186627692	
0.0139975219	
0.0132714805	
0.0141084047	
0.0125270218	
0.0070407549	
0.0321222494	
0.0152896423	
0.0124924453	
0.0137063646	
0.0081542493	
0.0144447776	
0.0089506141	
0.0050975502	
0.0195731678	
0.0164355531	
0.0252696375	
0.0198607956	
0.0051278022	
0.0209303486	
0.0176845210	
0.0197097632	
0.0162273131	
0.0097251933	
0.0198828550	
0.0077770969	
0.0051704573	
0.0072369388	
0.0144590409	
0.0013199790	
0.0077608181	
0.0113756385	
0.0066351558	
0.0069797656	
0.0303173330	
0.0063351569	
0.0080058123	
0.0071566115	
0.0059559029	
0.0120943836	
0.0111574635	
0.0156173617	
0.0126751937	
0.0213216768	
0.0142837033	
0.0085724088	
0.0054055712	
0.0203549283	
0.0082462671	
0.0094214377	
0.0212015598	
0.0237709417	
0.0036618578	
0.0247874024	
0.0126317938	
0.0171128623	
0.0088460818	
0.0095459665	
0.0218517544	
0.0158624229	
0.0138172107	
0.0000000000	
0.0063099358	
0.0190957535	
0.0166725178	
0.0171142698	
0.0145339046	
0.0156641110	
0.0078033207	
