0.0109812764	
0.0072401095	
0.0080886348	
0.0116787303	
0.0019665306	
0.0185035982	
0.0121075521	
0.0133617582	
0.0173743568	
0.0143271425	
0.0117120423	
0.0149178124	
0.0111092496	
0.0073123853	
0.0274799105	
0.0164574513	
0.0123791519	
0.0145496367	
0.0084337443	
0.0153100410	
0.0099797789	
0.0047472189	
0.0177553041	
0.0158545781	
0.0250780337	
0.0188034569	
0.0072058349	
0.0202105695	
0.0163042980	
0.0177268181	
0.0162993903	
0.0100485557	
0.0217789318	
0.0079535308	
0.0070793973	
0.0081627673	
0.0164981630	
0.0027547218	
0.0086910216	
0.0112577273	
0.0078972813	
0.0077985905	
0.0288007095	
0.0073544070	
0.0077815056	
0.0078480041	
0.0068000962	
0.0127312222	
0.0110806361	
0.0152974877	
0.0117084512	
0.0197108426	
0.0148056188	
0.0136092294	
0.0045141983	
0.0196352081	
0.0083981130	
0.0103024057	
0.0192875544	
0.0230906694	
0.0048945795	
0.0243907871	
0.0130856268	
0.0158416272	
0.0112568510	
0.0112289229	
0.0212344922	
0.0145040064	
0.0136287987	
0.0000000000	
0.0069779527	
0.0190494290	
0.0155797769	
0.0143365862	
0.0153001297	
0.0139444011	
0.0068125887	
