0.153899	
0.000000	
0.000000	
0.000000	
0.000000	
0.000000	
0.000000	
0.000000	
0.000000	
0.000000	
0.000000	
0.025137	
0.000000	
0.000000	
0.000000	
0.194053	
0.000000	
0.000000	
0.000000	
0.017792	
0.000000	
0.000000	
0.000000	
0.000000	
-0.000000	
0.173285	
0.000000	
0.000000	
0.000000	
0.000000	
0.163143	
0.000000	
0.000000	
0.025707	
0.000000	
0.042080	
-0.000000	
0.000000	
0.000000	
0.000000	
0.000000	
0.000000	
0.000000	
0.000000	
0.131260	
0.000000	
0.000000	
0.000000	
0.000000	
0.000000	
0.000000	
0.000000	
0.000000	
0.000000	
0.000000	
0.000000	
0.000000	
0.000000	
0.000000	
0.000000	
0.000000	
0.000000	
0.000000	
0.000000	
0.000000	
0.000000	
0.000000	
0.000000	
0.000000	
-0.000000	
0.000000	
0.000000	
0.000000	
0.073645	
0.000000	
0.000000	
0.000000	
0.000000	
0.000000	
0.000000	
0.000000	
0.000000	
