0.100806	
0.000000	
0.000000	
0.000000	
0.000000	
0.000000	
0.000000	
0.000000	
0.000000	
0.000000	
0.000000	
0.026052	
0.000000	
0.000000	
0.000000	
0.178189	
0.000000	
0.000000	
0.000000	
0.115026	
0.027820	
0.000000	
0.000000	
0.000000	
0.000000	
0.085191	
0.000000	
0.000000	
0.000000	
0.000000	
0.120433	
0.000000	
0.000000	
0.095039	
0.000000	
0.024733	
0.000000	
0.000000	
0.000000	
0.000000	
0.000000	
0.000000	
0.000000	
0.000000	
0.110627	
0.000000	
0.000000	
0.000000	
0.000000	
0.000000	
0.000000	
0.000000	
0.000000	
0.000000	
0.000000	
0.000000	
0.000000	
0.000000	
0.000000	
-0.000000	
0.000000	
0.000000	
0.000000	
0.000000	
0.000000	
0.000000	
0.000000	
0.000000	
0.000000	
0.000000	
0.000000	
0.000000	
0.000000	
0.116084	
0.000000	
0.000000	
0.000000	
0.000000	
0.000000	
0.000000	
-0.000000	
0.000000	
