0.161199	
0.000000	
0.000000	
0.000000	
0.000000	
0.000000	
0.000000	
0.000000	
0.000000	
-0.000000	
0.000000	
0.041787	
0.000000	
0.000000	
0.000000	
0.192671	
0.000000	
0.000000	
0.000000	
0.026673	
0.000000	
0.000000	
0.000000	
0.000000	
0.000000	
0.173985	
0.000000	
0.000000	
0.000000	
0.000000	
0.158919	
0.000000	
0.000000	
0.031959	
0.000000	
0.033611	
0.000000	
0.000000	
0.000000	
0.000000	
0.000000	
0.000000	
0.000000	
0.000000	
0.128888	
0.000000	
-0.000000	
0.000000	
0.000000	
0.000000	
0.000000	
0.000000	
0.000000	
0.000000	
0.000000	
0.000000	
0.000000	
0.000000	
0.000000	
-0.000000	
0.000000	
0.000000	
0.000000	
-0.000000	
0.000000	
0.000000	
0.000000	
0.000000	
0.000000	
0.000000	
0.000000	
0.000000	
-0.000000	
0.050309	
0.000000	
0.000000	
0.000000	
0.000000	
0.000000	
0.000000	
0.000000	
0.000000	
