0.157886	
0.000000	
0.000000	
0.000000	
0.000000	
0.000000	
0.000000	
0.000000	
0.000000	
0.000000	
0.000000	
0.041233	
0.000000	
-0.000000	
0.000000	
0.185097	
0.000000	
0.000000	
0.000000	
0.040338	
0.000000	
0.000000	
0.000000	
0.000000	
0.000000	
0.189539	
0.000000	
0.000000	
0.000000	
0.000000	
0.163602	
0.000000	
0.000000	
0.023623	
0.000000	
0.039884	
0.000000	
0.000000	
0.000000	
0.000000	
0.000000	
0.000000	
0.000000	
-0.000000	
0.121266	
0.000000	
0.000000	
-0.000000	
0.000000	
0.000000	
0.000000	
0.000000	
0.000000	
0.000000	
0.000000	
0.000000	
0.000000	
0.000000	
0.000000	
0.000000	
0.000000	
0.000000	
0.000000	
0.000000	
0.000000	
0.000000	
0.000000	
0.000000	
-0.000000	
0.000000	
0.000000	
0.000000	
-0.000000	
0.037531	
0.000000	
0.000000	
0.000000	
0.000000	
0.000000	
0.000000	
0.000000	
0.000000	
