0.158534	
0.000000	
0.000000	
0.000000	
0.000000	
0.000000	
0.000000	
0.000000	
0.000000	
0.000000	
-0.000000	
0.034463	
-0.000000	
0.000000	
0.000000	
0.193158	
0.000000	
0.000000	
0.000000	
0.034836	
0.000000	
0.000000	
0.000000	
0.000000	
0.000000	
0.173229	
0.000000	
0.000000	
0.000000	
0.000000	
0.153196	
0.000000	
0.000000	
0.045987	
0.000000	
0.031977	
-0.000000	
0.000000	
0.000000	
0.000000	
0.000000	
0.000000	
0.000000	
0.000000	
0.124462	
0.000000	
0.000000	
0.000000	
0.000000	
0.000000	
0.000000	
0.000000	
0.000000	
0.000000	
-0.000000	
0.000000	
0.000000	
0.000000	
0.000000	
0.000000	
0.000000	
0.000000	
0.000000	
0.000000	
0.000000	
0.000000	
0.000000	
-0.000000	
0.000000	
0.000000	
-0.000000	
0.000000	
0.000000	
0.050158	
0.000000	
0.000000	
0.000000	
0.000000	
0.000000	
0.000000	
-0.000000	
0.000000	
