0.114274	
0.000000	
0.000000	
0.000000	
-0.000000	
0.000000	
0.000000	
0.025679	
0.000000	
0.000000	
-0.000000	
0.111667	
-0.000000	
0.000000	
0.000000	
0.190202	
0.000000	
0.000000	
0.000000	
0.079697	
0.000000	
0.009502	
0.000000	
0.000000	
0.000000	
0.133475	
-0.000000	
0.000000	
0.000000	
0.000000	
0.121348	
0.000000	
0.000000	
0.060963	
0.000000	
0.000000	
-0.000000	
-0.000000	
0.000000	
0.000000	
0.000000	
0.000000	
0.000000	
0.000000	
0.093736	
0.000000	
0.000000	
0.000000	
0.000000	
0.000000	
0.000000	
0.000000	
0.000000	
0.000000	
0.000000	
0.000000	
0.000000	
-0.000000	
-0.000000	
0.000000	
0.000000	
0.000000	
-0.000000	
0.000000	
0.000000	
-0.000000	
0.000000	
0.000000	
0.000000	
0.000000	
-0.000000	
0.000000	
0.000000	
0.059457	
0.000000	
0.000000	
0.000000	
0.000000	
0.000000	
0.000000	
0.000000	
0.000000	
