0.112476	
0.000000	
0.000000	
0.000000	
0.000000	
0.000000	
0.000000	
0.012516	
-0.000000	
0.000000	
0.000000	
0.082565	
0.000000	
0.000000	
0.000000	
0.198867	
0.000000	
0.000000	
0.000000	
0.077973	
0.002992	
0.016434	
0.000000	
0.000000	
0.000000	
0.148670	
0.000000	
0.000000	
0.000000	
0.000000	
0.125314	
0.000000	
0.000000	
0.078338	
0.000000	
0.003831	
0.000000	
0.000000	
0.000000	
0.000000	
0.000000	
0.000000	
0.000000	
0.000000	
0.081712	
0.000000	
0.000000	
0.000000	
0.000000	
0.000000	
0.000000	
0.000000	
-0.000000	
0.000000	
0.000000	
0.000000	
0.000000	
0.000000	
0.000000	
0.000000	
0.000000	
-0.000000	
0.000000	
0.000000	
0.000000	
-0.000000	
0.000000	
0.000000	
0.000000	
0.000000	
0.000000	
0.000000	
0.000000	
0.058311	
0.000000	
0.000000	
0.000000	
0.000000	
0.000000	
0.000000	
0.000000	
0.000000	
