0.101140	
0.000000	
0.000000	
0.000000	
0.000000	
0.000000	
0.000000	
0.000000	
0.000000	
0.000000	
0.000000	
0.107308	
0.000000	
0.000000	
0.000000	
0.171290	
0.000000	
0.000000	
-0.000000	
0.064851	
0.000000	
0.022777	
0.000000	
0.000000	
0.000000	
0.130201	
0.000000	
0.000000	
0.000000	
0.000000	
0.136768	
0.000000	
0.000000	
0.032933	
0.000000	
0.021691	
0.000000	
0.000000	
-0.000000	
0.000000	
0.000000	
0.000000	
0.000000	
0.000000	
0.093350	
0.000000	
0.000000	
-0.000000	
0.000000	
-0.000000	
0.000000	
0.000000	
0.000000	
-0.000000	
0.000000	
0.024416	
0.000000	
-0.000000	
0.000000	
-0.000000	
0.000000	
0.000000	
0.000000	
0.000000	
0.000000	
0.000000	
0.000000	
0.000000	
0.000000	
0.000000	
0.000000	
0.000000	
0.000000	
0.093275	
-0.000000	
0.000000	
-0.000000	
0.000000	
-0.000000	
0.000000	
0.000000	
0.000000	
