0.104721	
0.000000	
0.000000	
-0.000000	
0.000000	
0.000000	
0.000000	
0.000000	
0.000000	
0.000000	
0.000000	
0.107825	
0.000000	
0.000000	
0.000000	
0.185991	
0.000000	
0.000000	
0.000000	
0.070118	
0.000000	
0.017963	
0.000000	
0.000000	
0.000000	
0.130659	
0.000000	
0.000000	
0.000000	
0.000000	
0.131049	
0.000000	
0.000000	
0.050817	
0.000000	
0.004092	
0.000000	
0.000000	
0.000000	
0.000000	
0.000000	
0.000000	
0.000000	
0.000000	
0.096509	
-0.000000	
0.000000	
0.000000	
0.000000	
0.000000	
0.000000	
0.000000	
0.000000	
0.000000	
0.000000	
0.004396	
0.000000	
0.000000	
0.000000	
0.000000	
0.000000	
0.000000	
0.000000	
0.000000	
0.000000	
0.000000	
0.000000	
0.000000	
0.000000	
0.000000	
0.000000	
0.000000	
0.000000	
0.095861	
0.000000	
-0.000000	
0.000000	
0.000000	
0.000000	
0.000000	
0.000000	
0.000000	
