0.126035	
0.000000	
0.000000	
0.000000	
0.000000	
0.000000	
0.000000	
0.000000	
0.000000	
0.000000	
0.000000	
0.091938	
0.000000	
0.000000	
0.000000	
0.176861	
0.000000	
0.000000	
0.000000	
0.071077	
0.000000	
0.010776	
0.000000	
0.000000	
0.000000	
0.149880	
0.000000	
0.000000	
0.000000	
0.000000	
0.129607	
0.000000	
0.000000	
0.031872	
0.000000	
0.026079	
0.000000	
0.000000	
0.000000	
0.000000	
0.000000	
0.000000	
0.000000	
0.000000	
0.085451	
0.000000	
0.000000	
0.000000	
0.000000	
0.000000	
0.000000	
0.000000	
0.000000	
0.000000	
0.000000	
0.022303	
-0.000000	
0.000000	
0.000000	
0.000000	
0.000000	
0.000000	
0.000000	
0.000000	
0.000000	
0.000000	
0.000000	
0.000000	
0.000000	
0.000000	
0.000000	
0.000000	
0.000000	
0.078122	
0.000000	
0.000000	
0.000000	
0.000000	
0.000000	
0.000000	
0.000000	
0.000000	
