0.141518	
0.000000	
0.000000	
0.000000	
0.000000	
0.000000	
0.000000	
0.000000	
0.000000	
0.000000	
0.000000	
0.069388	
0.000000	
0.000000	
0.000000	
0.186042	
0.000000	
0.000000	
0.000000	
0.045593	
0.000000	
0.023201	
0.000000	
0.000000	
0.000000	
0.175200	
0.000000	
0.000000	
0.000000	
0.000000	
0.141857	
0.000000	
0.000000	
0.037873	
0.000000	
0.033406	
0.000000	
0.000000	
0.000000	
0.000000	
0.000000	
0.000000	
0.000000	
0.000000	
0.064078	
0.000000	
0.000000	
0.000000	
0.000000	
0.000000	
0.000000	
0.000000	
0.000000	
0.000000	
-0.000000	
0.009660	
0.000000	
0.000000	
0.000000	
0.000000	
0.000000	
-0.000000	
0.000000	
0.000000	
0.000000	
0.000000	
0.000000	
-0.000000	
0.000000	
0.000000	
-0.000000	
0.000000	
0.000000	
0.072186	
0.000000	
0.000000	
0.000000	
0.000000	
0.000000	
0.000000	
0.000000	
0.000000	
