0.128582	
0.000000	
0.000000	
0.000000	
0.000000	
0.000000	
0.000000	
0.047911	
0.000000	
0.000000	
0.000000	
0.088013	
0.000000	
0.000000	
0.000000	
0.180470	
0.000000	
0.000000	
0.000000	
0.080495	
0.000000	
0.003426	
0.000000	
0.000000	
0.000000	
0.134706	
0.000000	
0.000000	
0.000000	
0.000000	
0.110193	
0.000000	
0.000000	
0.082347	
0.000000	
0.000000	
0.000000	
0.000000	
0.000000	
0.000000	
0.000000	
0.000000	
-0.000000	
0.000000	
0.087955	
0.000000	
0.000000	
0.000000	
0.000000	
0.000000	
0.000000	
0.000000	
0.000000	
0.000000	
0.000000	
0.000000	
0.000000	
0.000000	
0.000000	
0.000000	
0.000000	
0.000000	
0.000000	
0.000000	
0.000000	
0.000000	
0.000000	
0.000000	
0.000000	
0.000000	
0.000000	
0.000000	
0.000000	
0.055902	
0.000000	
0.000000	
0.000000	
0.000000	
0.000000	
0.000000	
0.000000	
0.000000	
