0.114771	
0.000000	
0.000000	
0.000000	
0.000000	
0.000000	
0.000000	
0.011808	
0.000000	
0.000000	
0.000000	
0.092528	
0.000000	
0.000000	
0.000000	
0.151738	
0.000000	
0.000000	
0.000000	
0.081095	
0.000000	
0.025424	
0.000000	
0.000000	
0.000000	
0.098375	
0.000000	
0.000000	
0.000000	
0.000000	
0.148688	
0.022361	
0.000000	
0.067543	
0.000000	
0.007190	
0.000000	
0.000000	
0.000000	
0.000000	
0.000000	
0.000000	
-0.000000	
-0.000000	
0.091851	
0.000000	
0.000000	
0.000000	
0.000000	
0.000000	
0.000000	
0.000000	
0.000000	
0.000000	
0.000000	
0.010607	
0.000000	
0.000000	
0.000000	
0.000000	
0.000000	
0.000000	
0.000000	
0.000000	
0.000000	
0.000000	
0.000000	
0.000000	
0.000000	
0.000000	
0.000000	
0.000000	
0.000000	
0.076020	
0.000000	
0.000000	
0.000000	
0.000000	
0.000000	
0.000000	
0.000000	
0.000000	
