0.132916	
-0.000000	
-0.000000	
0.000000	
0.000000	
0.000000	
0.000000	
0.061778	
0.000000	
0.000000	
0.000000	
0.085716	
0.000000	
0.000000	
0.000000	
0.169755	
0.000000	
0.000000	
0.000000	
0.079309	
0.000000	
0.008992	
0.000000	
0.000000	
0.000000	
0.123747	
0.000000	
0.000000	
0.000000	
0.000000	
0.125037	
0.000000	
0.000000	
0.073443	
0.000000	
0.003704	
0.000000	
0.000000	
0.000000	
0.000000	
0.000000	
0.000000	
0.000000	
0.000000	
0.089871	
0.000000	
0.000000	
0.000000	
0.000000	
0.000000	
0.000000	
0.000000	
0.000000	
0.000000	
0.000000	
0.000000	
0.000000	
0.000000	
0.000000	
-0.000000	
0.000000	
0.000000	
0.000000	
0.000000	
0.000000	
0.000000	
0.000000	
0.000000	
0.000000	
0.000000	
0.000000	
0.000000	
0.000000	
0.045732	
0.000000	
0.000000	
0.000000	
0.000000	
0.000000	
0.000000	
0.000000	
0.000000	
