0.132493	
0.000000	
0.000000	
0.000000	
0.000000	
0.000000	
0.000000	
0.023274	
0.000000	
0.000000	
0.000000	
0.101011	
0.000000	
0.000000	
0.000000	
0.137105	
0.000000	
0.000000	
0.000000	
0.064710	
0.000000	
0.011343	
0.000000	
0.000000	
0.000000	
0.101418	
0.000000	
0.000000	
0.000000	
0.000000	
0.139265	
0.000676	
0.000000	
0.061444	
0.000000	
0.000423	
0.000000	
0.000000	
0.010755	
-0.000000	
0.000000	
0.000000	
0.000000	
0.000000	
0.130864	
0.000000	
0.000000	
0.000000	
0.000000	
0.000000	
0.000000	
0.000000	
0.000000	
0.000000	
0.000000	
0.017215	
0.000000	
0.000000	
0.000000	
0.000000	
0.000000	
0.000000	
0.000000	
0.000000	
0.000000	
0.000000	
0.000000	
0.000000	
0.000000	
0.000000	
0.000000	
0.000000	
0.000000	
0.068004	
0.000000	
0.000000	
0.000000	
0.000000	
0.000000	
0.000000	
0.000000	
0.000000	
