0.130758	
0.000000	
0.000000	
0.000000	
0.000000	
0.000000	
0.000000	
0.021746	
0.000000	
0.000000	
0.000000	
0.087036	
0.000000	
0.000000	
0.000000	
0.183355	
0.000000	
0.000000	
0.000000	
0.079153	
0.000000	
0.008347	
-0.000000	
0.000000	
0.000000	
0.143688	
0.000000	
0.000000	
-0.000000	
0.000000	
0.116726	
0.000000	
0.000000	
0.081546	
0.000000	
0.000000	
0.000000	
0.000000	
0.000000	
0.000000	
0.000000	
0.000000	
0.000000	
0.000000	
0.092614	
0.000000	
0.000000	
0.000000	
0.000000	
0.000000	
0.000000	
0.000000	
0.000000	
0.000000	
0.000000	
0.000000	
0.000000	
0.000000	
0.000000	
0.000000	
0.000000	
-0.000000	
0.000000	
0.000000	
0.000000	
0.000000	
0.000000	
0.000000	
0.000000	
0.000000	
0.000000	
-0.000000	
0.000000	
0.055030	
0.000000	
0.000000	
-0.000000	
0.000000	
0.000000	
0.000000	
0.000000	
0.000000	
