0.131200	
0.000000	
0.000000	
0.000000	
0.000000	
0.000000	
0.000000	
0.022343	
0.000000	
0.000000	
0.000000	
0.102709	
-0.000000	
0.000000	
0.000000	
0.153352	
0.000000	
0.000000	
0.000000	
0.064355	
0.000000	
0.010561	
-0.000000	
0.000000	
0.000000	
0.122596	
0.000000	
0.000000	
0.000000	
0.000000	
0.132975	
0.000000	
0.000000	
0.068610	
0.000000	
0.007723	
0.000000	
0.000000	
0.000707	
0.000000	
0.000000	
0.000000	
0.000000	
0.000000	
0.116927	
0.000000	
0.000000	
0.000000	
0.000000	
0.000000	
0.000000	
0.000000	
0.000000	
0.000000	
0.000000	
0.000000	
0.000000	
0.000000	
0.000000	
0.000000	
-0.000000	
0.000000	
0.000000	
0.000000	
0.000000	
0.000000	
0.000000	
0.000000	
0.000000	
0.000000	
0.000000	
0.000000	
0.000000	
0.065942	
0.000000	
0.000000	
0.000000	
0.000000	
0.000000	
0.000000	
0.000000	
0.000000	
