0.123266	
0.000000	
0.000000	
0.000000	
0.000000	
0.000000	
0.000000	
0.012671	
0.000000	
0.000000	
0.000000	
0.078314	
0.000000	
0.000000	
0.000000	
0.150325	
0.000000	
0.000000	
0.000000	
0.089482	
0.000000	
0.036670	
0.000000	
0.000000	
0.000000	
0.102574	
0.000000	
0.000000	
0.000000	
0.000000	
0.164038	
0.055417	
0.000000	
0.061531	
0.000000	
0.003057	
0.000000	
0.000000	
0.000000	
0.000000	
0.000000	
0.000000	
0.000000	
0.000000	
0.068039	
0.000000	
0.000000	
0.000000	
0.000000	
0.007608	
0.000000	
0.000000	
0.000000	
0.000000	
0.000000	
0.000000	
0.000000	
0.000000	
0.000000	
0.000000	
0.000000	
0.000000	
0.000000	
0.000000	
0.000000	
0.000000	
0.000000	
0.000000	
0.000000	
0.000000	
0.000000	
0.000000	
0.000000	
0.047007	
0.000000	
0.000000	
0.000000	
0.000000	
0.000000	
0.000000	
0.000000	
0.000000	
