0.121733	
0.000000	
0.000000	
0.000000	
0.000000	
0.000000	
0.000000	
0.007502	
0.000000	
0.000000	
0.000000	
0.075203	
0.000000	
0.000000	
0.000000	
0.148386	
0.000000	
0.000000	
0.000000	
0.091061	
0.000000	
0.032911	
0.000000	
-0.000000	
0.000000	
0.105363	
0.000000	
0.000000	
0.000000	
0.000000	
0.163380	
0.028606	
0.000000	
0.063861	
0.000000	
0.006850	
0.000000	
0.000000	
0.000000	
0.000000	
0.000000	
0.000000	
0.000000	
0.000000	
0.108550	
0.000000	
0.000000	
0.000000	
0.000000	
0.019532	
0.000000	
0.000000	
0.000000	
0.000000	
0.000000	
-0.000000	
0.000000	
0.000000	
0.000000	
0.000000	
0.000000	
0.000000	
0.000000	
0.000000	
0.000000	
0.000000	
0.000000	
0.000000	
-0.000000	
0.000000	
0.000000	
0.000000	
0.000000	
0.027063	
0.000000	
0.000000	
0.000000	
0.000000	
0.000000	
0.000000	
0.000000	
0.000000	
