0.020051	
0.030299	
0.052228	
0.048700	
0.012399	
0.009581	
0.031105	
0.010680	
0.025896	
0.023391	
0.005591	
0.035774	
0.015856	
0.016750	
0.022364	
0.017218	
0.005537	
0.033636	
0.040339	
0.017205	
0.002800	
0.016487	
0.009002	
0.029706	
0.014228	
0.006702	
0.023031	
0.000000	
0.012354	
0.012004	
0.000000	
0.010984	
0.011235	
0.026430	
0.006390	
0.026599	
0.014019	
0.013136	
0.009719	
0.034938	
0.027016	
0.004983	
0.008955	
0.022215	
0.013983	
0.023667	
0.009277	
0.018430	
0.019437	
0.025369	
0.012769	
0.017698	
0.015396	
0.005358	
0.003377	
0.017708	
