0.024104	
0.021317	
0.044292	
0.054225	
0.010531	
0.006288	
0.033536	
0.009622	
0.024379	
0.030635	
0.004439	
0.034044	
0.013628	
0.019470	
0.019752	
0.014707	
0.008722	
0.034290	
0.037093	
0.019899	
0.004213	
0.014855	
0.008682	
0.026998	
0.014551	
0.009607	
0.022231	
0.000741	
0.011538	
0.013799	
0.000000	
0.010848	
0.011462	
0.031634	
0.006304	
0.031155	
0.016909	
0.014566	
0.011389	
0.029981	
0.028948	
0.006551	
0.006246	
0.020925	
0.012741	
0.020094	
0.007256	
0.017222	
0.020921	
0.022853	
0.019202	
0.014201	
0.016334	
0.007020	
0.002262	
0.020791	
