0.021349	
0.021413	
0.040478	
0.043367	
0.012987	
0.008551	
0.030653	
0.011788	
0.019968	
0.025380	
0.007879	
0.032542	
0.015062	
0.020097	
0.019726	
0.016152	
0.010685	
0.032481	
0.032414	
0.019641	
0.007962	
0.016172	
0.009213	
0.027219	
0.014656	
0.009151	
0.022951	
0.005420	
0.013754	
0.014509	
0.000000	
0.012756	
0.013957	
0.029204	
0.009663	
0.027815	
0.017277	
0.015005	
0.011938	
0.027053	
0.026986	
0.008773	
0.009471	
0.018492	
0.015708	
0.020225	
0.008970	
0.018052	
0.019263	
0.021419	
0.016327	
0.015385	
0.016778	
0.009962	
0.006765	
0.019137	
