0.021646	
0.022649	
0.040513	
0.043133	
0.013174	
0.007479	
0.030525	
0.011428	
0.018871	
0.025178	
0.007945	
0.032620	
0.015170	
0.020035	
0.019139	
0.016421	
0.010766	
0.032118	
0.031508	
0.019954	
0.008553	
0.016444	
0.009791	
0.027597	
0.014537	
0.008792	
0.023246	
0.005935	
0.013566	
0.014797	
0.000000	
0.012337	
0.014217	
0.028350	
0.010704	
0.026964	
0.017094	
0.014664	
0.011413	
0.027378	
0.027341	
0.008734	
0.009275	
0.018324	
0.015807	
0.020420	
0.009213	
0.019014	
0.018964	
0.021547	
0.016222	
0.015134	
0.016851	
0.010055	
0.007198	
0.019250	
