0.021051	
0.026078	
0.043846	
0.043721	
0.013536	
0.010130	
0.029750	
0.012189	
0.022233	
0.023746	
0.008916	
0.032651	
0.014938	
0.018468	
0.018806	
0.015855	
0.009839	
0.031435	
0.032446	
0.018929	
0.008019	
0.014970	
0.009433	
0.027776	
0.015140	
0.008697	
0.023685	
0.004921	
0.012728	
0.014109	
0.000000	
0.012565	
0.013608	
0.027390	
0.009947	
0.026179	
0.014962	
0.014393	
0.011508	
0.030445	
0.026899	
0.009219	
0.008723	
0.020250	
0.014948	
0.020613	
0.008900	
0.018093	
0.019985	
0.023129	
0.015346	
0.015594	
0.016327	
0.008748	
0.006571	
0.017624	
