0.022364	
0.017284	
0.026934	
0.036290	
0.015539	
0.013663	
0.025251	
0.014270	
0.019296	
0.025145	
0.011340	
0.024330	
0.016083	
0.019468	
0.019195	
0.015204	
0.014023	
0.024399	
0.027425	
0.017731	
0.011331	
0.016567	
0.011910	
0.021605	
0.015499	
0.015427	
0.020714	
0.011281	
0.015303	
0.017215	
0.010441	
0.014534	
0.015180	
0.025352	
0.011405	
0.025174	
0.018108	
0.017504	
0.015417	
0.021689	
0.021901	
0.012547	
0.011848	
0.019617	
0.015623	
0.019266	
0.012483	
0.016989	
0.021019	
0.017836	
0.019553	
0.014283	
0.016411	
0.012776	
0.010589	
0.020369	
