0.021259	
0.018656	
0.026103	
0.035259	
0.016419	
0.014232	
0.021378	
0.015762	
0.017704	
0.025640	
0.012535	
0.023878	
0.015656	
0.019686	
0.015715	
0.012782	
0.015978	
0.024330	
0.027861	
0.018575	
0.011594	
0.016058	
0.013648	
0.020942	
0.017547	
0.015119	
0.019651	
0.011325	
0.014805	
0.017811	
0.011333	
0.013572	
0.015043	
0.021789	
0.011125	
0.026242	
0.015571	
0.018591	
0.018051	
0.021275	
0.020702	
0.016009	
0.011503	
0.020165	
0.016069	
0.019975	
0.013922	
0.016252	
0.021726	
0.015773	
0.021486	
0.013224	
0.018164	
0.013328	
0.012335	
0.018870	
