0.020951	
0.017509	
0.025796	
0.034863	
0.016285	
0.014310	
0.021880	
0.016182	
0.018121	
0.025475	
0.011901	
0.024189	
0.015423	
0.019862	
0.016894	
0.013544	
0.015842	
0.024050	
0.027995	
0.018034	
0.012187	
0.016327	
0.013484	
0.021519	
0.017071	
0.015582	
0.018976	
0.010902	
0.015292	
0.017605	
0.011156	
0.013693	
0.015127	
0.021051	
0.010463	
0.025875	
0.018231	
0.018263	
0.017728	
0.021154	
0.020820	
0.015464	
0.011587	
0.019874	
0.016212	
0.019946	
0.014094	
0.016517	
0.021820	
0.016082	
0.021163	
0.012773	
0.018219	
0.013534	
0.011940	
0.019163	
