0.007264	
0.021498	
0.000000	
0.010919	
0.000000	
0.000000	
0.004552	
0.020647	
0.036607	
0.009310	
0.005805	
0.012834	
0.018601	
0.022614	
0.016586	
0.000000	
0.022972	
0.000000	
0.023158	
0.012188	
0.000000	
0.007170	
0.006961	
0.000000	
0.018228	
0.020041	
0.000705	
0.031383	
0.036834	
0.014061	
0.014710	
0.003362	
0.033460	
0.000000	
0.000000	
0.000000	
0.000000	
0.054513	
0.013324	
0.000000	
0.006175	
0.007927	
0.000000	
0.031460	
0.008884	
0.015324	
0.003709	
0.005541	
0.012791	
0.018228	
0.012268	
0.000000	
0.000000	
0.000000	
0.013984	
0.001880	
0.008233	
0.000000	
0.007227	
0.037871	
0.000042	
0.017708	
0.008678	
0.027929	
0.005474	
0.026518	
0.000000	
0.012263	
0.018062	
0.023703	
0.005258	
0.027871	
0.013487	
0.000000	
0.006564	
0.017470	
0.008533	
0.005442	
0.005644	
0.018113	
0.000000	
0.000000	
0.000000	
0.021965	
0.000200	
0.012341	
0.014289	
0.003472	
0.007165	
