0.007204	
0.027700	
0.000000	
0.011405	
-0.000000	
0.000000	
0.002557	
0.019981	
0.040022	
0.008145	
0.008046	
0.012000	
0.022397	
0.022305	
0.015648	
-0.000000	
0.023014	
0.000000	
0.028286	
0.011896	
0.000000	
0.006593	
0.007795	
0.000000	
0.018319	
0.020411	
0.000000	
0.033671	
0.036575	
0.014075	
0.015632	
0.001633	
0.032668	
0.000000	
0.000000	
0.000000	
0.001839	
0.056077	
0.013554	
0.000000	
0.004210	
0.007112	
0.000000	
0.034068	
0.008425	
0.017382	
0.001775	
0.006291	
0.013401	
0.018210	
0.013201	
0.000000	
0.000000	
0.000000	
0.012765	
0.000000	
0.007844	
0.000000	
0.004303	
0.041807	
0.000000	
0.018323	
0.005609	
0.028923	
0.005435	
0.028621	
0.000000	
0.010561	
0.015891	
0.022799	
0.003979	
0.024469	
0.012375	
0.000000	
0.005938	
0.017561	
0.010483	
0.005337	
0.004729	
0.014770	
0.000000	
0.000000	
0.000000	
0.021238	
0.000000	
0.013547	
0.012816	
0.001714	
0.004637	
