0.007111	
0.014471	
0.000000	
0.012112	
0.015102	
0.001296	
0.005364	
0.018054	
0.025318	
0.008219	
0.005457	
0.015903	
0.014102	
0.019840	
0.007368	
0.003426	
0.029085	
0.006249	
0.016444	
0.007166	
0.000000	
0.000000	
0.013758	
0.006702	
0.017531	
0.009440	
0.005440	
0.021094	
0.039989	
0.009038	
0.016119	
0.009129	
0.030977	
0.003757	
0.000000	
0.000000	
0.000000	
0.041624	
0.017659	
0.000390	
0.010703	
0.010866	
0.001927	
0.013995	
0.011231	
0.007920	
0.007002	
0.006441	
0.012603	
0.016446	
0.012799	
0.000000	
0.003567	
0.004338	
0.016718	
0.006874	
0.008239	
0.000000	
0.015398	
0.025817	
0.004451	
0.019914	
0.012387	
0.022095	
0.010827	
0.023455	
0.002642	
0.017057	
0.014575	
0.014265	
0.007827	
0.021651	
0.007544	
0.000000	
0.010685	
0.014581	
0.007420	
0.009938	
0.007947	
0.016967	
0.000000	
0.002599	
0.000000	
0.021504	
0.013332	
0.009513	
0.013584	
0.007262	
0.018366	
