0.004528	
0.021478	
0.000000	
0.009782	
0.000000	
0.000000	
0.000000	
0.021242	
0.043534	
0.007105	
0.001526	
0.015122	
0.012730	
0.026425	
0.017138	
0.000000	
0.028182	
0.000000	
0.023082	
0.007941	
0.000000	
0.001506	
0.007430	
0.000000	
0.020600	
0.016043	
0.000000	
0.032571	
0.045714	
0.012980	
0.014493	
0.001532	
0.040137	
0.000000	
0.000000	
0.000000	
0.000000	
0.069582	
0.012203	
0.000000	
0.002067	
0.009716	
0.000000	
0.037179	
0.005290	
0.011857	
0.001740	
0.005877	
0.012310	
0.018970	
0.010626	
0.000000	
0.000000	
0.000000	
0.012156	
0.000675	
0.006416	
0.000000	
0.004205	
0.040676	
0.000000	
0.019600	
0.003596	
0.033610	
0.003687	
0.027225	
0.000000	
0.009306	
0.022013	
0.023971	
0.000000	
0.039992	
0.011643	
0.000000	
0.011917	
0.017418	
0.008252	
0.000000	
0.002050	
0.019635	
0.000000	
0.000000	
0.000000	
0.018300	
0.000000	
0.009775	
0.015859	
0.000423	
0.007364	
