0.009120	
0.011983	
0.000000	
0.007034	
0.019613	
0.000000	
0.005190	
0.026645	
0.030399	
0.006069	
0.001265	
0.021634	
0.015878	
0.027625	
0.011687	
0.000000	
0.032480	
0.000000	
0.014766	
0.011018	
0.000000	
0.000000	
0.010405	
0.001050	
0.018212	
0.015612	
0.005309	
0.024578	
0.048323	
0.010790	
0.016880	
0.011373	
0.031130	
0.000000	
0.000000	
0.000000	
0.000000	
0.054416	
0.018026	
0.000000	
0.005840	
0.012958	
0.000000	
0.022453	
0.009911	
0.003730	
0.001638	
0.004436	
0.014567	
0.014158	
0.013150	
0.000000	
0.002271	
0.003900	
0.014808	
0.006167	
0.007311	
0.000000	
0.010735	
0.026967	
0.000000	
0.017357	
0.005973	
0.028310	
0.011183	
0.022130	
0.000000	
0.012021	
0.013789	
0.017096	
0.004748	
0.030196	
0.008149	
0.000000	
0.016075	
0.015347	
0.006795	
0.008380	
0.002156	
0.021061	
0.000000	
0.000000	
0.000000	
0.015985	
0.006876	
0.009353	
0.020057	
0.000360	
0.013092	
