0.007667	
0.014607	
0.000000	
0.011005	
0.015862	
0.000000	
0.003848	
0.020853	
0.030827	
0.008230	
0.004550	
0.019942	
0.013366	
0.024778	
0.006237	
0.001213	
0.033240	
0.000562	
0.018322	
0.006352	
0.000000	
0.000000	
0.011840	
0.008242	
0.017726	
0.010669	
0.004026	
0.023181	
0.042934	
0.008711	
0.018383	
0.009023	
0.033484	
0.004463	
0.000000	
0.000000	
0.000000	
0.046344	
0.019511	
0.000000	
0.009872	
0.009353	
0.000548	
0.015014	
0.009765	
0.008708	
0.004810	
0.004863	
0.015187	
0.014370	
0.013188	
0.000000	
0.001497	
0.003377	
0.014566	
0.005553	
0.005364	
0.000000	
0.013360	
0.031811	
0.001193	
0.022403	
0.009797	
0.025323	
0.009957	
0.025850	
0.000000	
0.016887	
0.014850	
0.014425	
0.007288	
0.025363	
0.007282	
0.000000	
0.009857	
0.016728	
0.004536	
0.007558	
0.005886	
0.018933	
0.000000	
0.000000	
0.000000	
0.020237	
0.011140	
0.010548	
0.013194	
0.001939	
0.017624	
