0.008776	
0.012081	
0.000000	
0.008299	
0.018561	
0.000000	
0.004670	
0.026043	
0.030633	
0.007255	
0.000769	
0.021406	
0.015297	
0.026245	
0.010641	
0.000000	
0.031993	
0.000000	
0.015961	
0.009375	
0.000000	
0.000000	
0.009834	
0.000141	
0.018225	
0.016682	
0.004981	
0.024929	
0.049318	
0.011807	
0.017766	
0.010283	
0.033205	
0.000000	
0.000000	
0.000000	
0.000000	
0.054030	
0.016623	
0.000000	
0.006371	
0.013007	
0.000000	
0.024515	
0.011314	
0.003378	
0.002858	
0.002330	
0.013978	
0.014515	
0.012282	
0.000000	
0.000000	
0.003465	
0.014328	
0.004325	
0.008507	
0.000000	
0.009247	
0.028003	
0.000000	
0.020300	
0.007130	
0.029581	
0.009162	
0.022856	
0.000000	
0.012860	
0.014759	
0.016373	
0.003126	
0.029731	
0.006576	
0.000000	
0.016601	
0.017129	
0.004127	
0.008938	
0.004222	
0.021031	
0.000000	
0.000000	
0.000000	
0.016633	
0.007471	
0.009595	
0.020238	
0.000000	
0.013306	
