0.009109	
0.014573	
0.000264	
0.011290	
0.015718	
0.000000	
0.003223	
0.021778	
0.029738	
0.007962	
0.003684	
0.019343	
0.013917	
0.025385	
0.006253	
0.001400	
0.034132	
0.000000	
0.017432	
0.006192	
0.000000	
0.000000	
0.012150	
0.006960	
0.017673	
0.013403	
0.003844	
0.023545	
0.041053	
0.011078	
0.018320	
0.009529	
0.031351	
0.004541	
0.000000	
0.000000	
-0.000000	
0.045634	
0.019870	
0.000000	
0.008902	
0.009021	
0.001230	
0.016575	
0.009998	
0.008472	
0.005085	
0.005989	
0.013353	
0.016439	
0.012703	
0.000000	
0.000000	
0.003595	
0.015789	
0.006450	
0.006161	
0.000000	
0.012584	
0.030832	
0.000166	
0.021361	
0.009597	
0.024898	
0.011073	
0.025173	
0.000000	
0.017288	
0.013808	
0.012669	
0.005102	
0.026547	
0.005577	
0.000000	
0.012448	
0.017029	
0.004382	
0.007031	
0.006844	
0.020527	
0.000000	
0.000000	
0.000000	
0.019079	
0.008882	
0.011177	
0.015593	
0.002105	
0.018122	
