0.006449	
0.015750	
0.000000	
0.012897	
0.015144	
0.000000	
0.004190	
0.018525	
0.028160	
0.008299	
0.004762	
0.017185	
0.014560	
0.021165	
0.006784	
0.001909	
0.033946	
0.004097	
0.018166	
0.006233	
0.000000	
0.000000	
0.013676	
0.005834	
0.017716	
0.008650	
0.004016	
0.022309	
0.046023	
0.008178	
0.017454	
0.007843	
0.033650	
0.002812	
0.000000	
0.000000	
0.000000	
0.048365	
0.019244	
0.000000	
0.009046	
0.010227	
0.000000	
0.014394	
0.010974	
0.006650	
0.003893	
0.005395	
0.013642	
0.016593	
0.013042	
0.000000	
0.000940	
0.002130	
0.018177	
0.005724	
0.007143	
0.000000	
0.014882	
0.028430	
0.002389	
0.020636	
0.010841	
0.024231	
0.010715	
0.025348	
0.000000	
0.017732	
0.014918	
0.014111	
0.007367	
0.024016	
0.006763	
0.000000	
0.010256	
0.014739	
0.006633	
0.009209	
0.006733	
0.018064	
0.000000	
0.000000	
0.000000	
0.022241	
0.012530	
0.009042	
0.012007	
0.005908	
0.018295	
