0.008153	
0.008775	
0.000000	
0.007801	
0.020287	
0.000000	
0.005981	
0.026487	
0.029212	
0.005086	
0.000189	
0.020506	
0.016782	
0.024759	
0.012808	
0.000000	
0.034018	
0.001186	
0.011895	
0.007120	
0.000000	
0.000000	
0.009793	
0.004437	
0.018870	
0.017546	
0.003757	
0.022644	
0.043411	
0.011727	
0.018187	
0.010305	
0.032771	
0.002469	
0.000000	
0.000000	
0.000000	
0.049999	
0.019054	
0.000000	
0.007878	
0.012282	
0.000057	
0.021542	
0.010544	
0.009204	
0.003923	
0.003829	
0.014722	
0.013872	
0.013794	
0.000000	
0.000000	
0.002651	
0.016190	
0.005196	
0.008116	
0.000000	
0.011856	
0.028230	
0.000766	
0.020556	
0.008542	
0.027532	
0.013278	
0.023905	
0.000000	
0.012110	
0.011751	
0.014656	
0.002645	
0.026279	
0.007441	
0.000000	
0.012524	
0.016266	
0.002109	
0.009573	
0.005025	
0.021818	
0.000000	
0.000000	
0.000000	
0.017806	
0.009245	
0.009540	
0.019566	
0.001713	
0.015454	
