0.004570	
0.014914	
0.000000	
0.014445	
0.015867	
0.000000	
0.006067	
0.019023	
0.029736	
0.009802	
0.008313	
0.016191	
0.010005	
0.021303	
0.005237	
0.003974	
0.031850	
0.005814	
0.020890	
0.000000	
0.000000	
0.000000	
0.013729	
0.006837	
0.017366	
0.006517	
0.003899	
0.023790	
0.046718	
0.007205	
0.018796	
0.005019	
0.038839	
0.004173	
0.000000	
0.000000	
0.001664	
0.049863	
0.018305	
0.000000	
0.009355	
0.010247	
0.000371	
0.014352	
0.007345	
0.005814	
0.002939	
0.010055	
0.010079	
0.017514	
0.015440	
0.000000	
0.002902	
0.001116	
0.016047	
0.005891	
0.006388	
0.000778	
0.013680	
0.030325	
0.004430	
0.022901	
0.010899	
0.019568	
0.006888	
0.022996	
0.000000	
0.017496	
0.016142	
0.011038	
0.009433	
0.027756	
0.008119	
0.000000	
0.005727	
0.017876	
0.004794	
0.007949	
0.008772	
0.015167	
0.000000	
0.000165	
0.000000	
0.025085	
0.016292	
0.005558	
0.009727	
0.005488	
0.018374	
