0.008570	
0.009684	
0.000000	
0.008796	
0.020893	
0.000000	
0.004620	
0.027210	
0.031935	
0.006534	
0.000000	
0.021245	
0.014519	
0.027252	
0.012708	
0.000000	
0.034485	
-0.000000	
0.014078	
0.008293	
0.000000	
0.000000	
0.009415	
0.000594	
0.019279	
0.016626	
0.004517	
0.023172	
0.050661	
0.012377	
0.017858	
0.010413	
0.032934	
0.000000	
0.000000	
0.000000	
0.000000	
0.058108	
0.018202	
0.000000	
0.006753	
0.013339	
0.000000	
0.025590	
0.011301	
0.003096	
0.000388	
0.002485	
0.013713	
0.014622	
0.012529	
0.000000	
0.000000	
0.001731	
0.013492	
0.004460	
0.007754	
0.000000	
0.009608	
0.028749	
0.000000	
0.019954	
0.004902	
0.030324	
0.011416	
0.024440	
0.000000	
0.012061	
0.013011	
0.016991	
0.002436	
0.027715	
0.004892	
0.000000	
0.016323	
0.015861	
0.001712	
0.008247	
0.003651	
0.022943	
0.000000	
0.000000	
0.000000	
0.017014	
0.008562	
0.009085	
0.020109	
0.000485	
0.013280	
