0.022386	
0.020696	
0.040603	
0.028591	
0.016868	
0.008372	
0.033617	
0.020205	
0.012181	
0.019432	
0.012764	
0.037521	
0.017773	
0.021236	
0.027287	
0.021787	
0.006996	
0.024480	
0.035294	
0.020054	
0.010278	
0.015491	
0.010596	
0.033526	
0.012270	
0.000000	
0.021590	
0.000000	
0.013503	
0.002953	
0.000000	
0.015198	
0.018777	
0.026139	
0.008458	
0.028330	
0.019474	
0.006660	
0.017465	
0.026380	
0.023744	
0.007836	
0.015257	
0.017432	
0.017954	
0.025527	
0.011504	
0.025089	
0.018723	
0.019435	
0.005937	
0.022926	
0.019004	
0.012328	
0.007664	
0.014407	
