0.021153	
0.030203	
0.052781	
0.049325	
0.012264	
0.008511	
0.032227	
0.010761	
0.025806	
0.023276	
0.004684	
0.036667	
0.015621	
0.016348	
0.021389	
0.016755	
0.005687	
0.035058	
0.040257	
0.017166	
0.002937	
0.016197	
0.008433	
0.029991	
0.014129	
0.003874	
0.023281	
0.000000	
0.012062	
0.012174	
0.000000	
0.012072	
0.011578	
0.028292	
0.005925	
0.026636	
0.014186	
0.013112	
0.009489	
0.036050	
0.027729	
0.004807	
0.007478	
0.022484	
0.013560	
0.023058	
0.008749	
0.019334	
0.019704	
0.025601	
0.011466	
0.017865	
0.015816	
0.005697	
0.002755	
0.017539	
