0.020957	
0.024928	
0.043283	
0.043906	
0.012618	
0.009682	
0.029551	
0.011627	
0.022811	
0.025672	
0.008863	
0.033013	
0.014088	
0.019136	
0.020321	
0.015782	
0.009728	
0.031990	
0.032415	
0.018978	
0.007527	
0.015240	
0.009311	
0.028115	
0.015476	
0.009418	
0.023617	
0.005063	
0.012479	
0.013901	
0.000000	
0.012841	
0.013422	
0.027100	
0.009691	
0.027787	
0.016114	
0.014065	
0.011465	
0.029161	
0.027171	
0.009092	
0.008419	
0.019770	
0.014988	
0.020165	
0.009216	
0.018294	
0.019635	
0.023044	
0.016154	
0.015073	
0.016075	
0.008642	
0.006003	
0.017118	
