0.0133610099	
0.0011903076	
0.0502865101	
0.0000000000	
0.0000000000	
0.0083609009	
0.0353966630	
0.0000000000	
0.0000000000	
0.0000000000	
0.0006636730	
0.0008310427	
0.0056139723	
0.0091288160	
0.0028869274	
0.0000000000	
0.0228842280	
0.0114754797	
0.0000000000	
0.0194431249	
0.0225359934	
0.0000000000	
0.0000187529	
0.0000243002	
0.0000000000	
0.0000000000	
0.0139817089	
0.0041632164	
0.0276534044	
0.0000000000	
0.0359391784	
0.0169285665	
0.0000000000	
0.0397232733	
0.0001216866	
0.0201054799	
0.0152916950	
0.0000000000	
0.0185632592	
0.0000000000	
0.0028913653	
0.0001847356	
0.0000127629	
0.0000000000	
0.0011694240	
0.0037747087	
0.0223569328	
0.0000000000	
0.0218904259	
0.0010540261	
0.0041558867	
0.0002243754	
0.0000000000	
0.0001588753	
-0.0000000000	
0.0251731803	
0.0192077662	
0.0271245042	
0.0000000000	
0.0009156505	
0.0138787901	
0.0106148688	
0.0000000000	
0.0789702266	
0.0942267882	
0.0099603889	
0.0036943432	
0.0002618457	
0.0213913420	
0.0312260772	
0.0001638645	
0.0656981147	
0.0170284836	
0.0601304673	
0.0153679516	
0.0096951867	
0.0000000000	
0.0037783828	
0.0146817441	
0.0000000000	
0.0103372166	
0.0009155693	
0.0000000000	
0.0000000000	
0.0111105581	
