0.0060253722	
0.0002468065	
0.0703893337	
0.0000000000	
0.0000000000	
0.0000000000	
0.0455752968	
0.0001494770	
0.0000000000	
0.0000000000	
-0.0000000000	
0.0000818677	
0.0014212551	
0.0014154335	
0.0008209663	
0.0000000000	
0.0221642212	
0.0033161879	
0.0000000000	
0.0168518312	
0.0211912415	
0.0000000000	
0.0000000000	
-0.0000000000	
0.0000000000	
0.0002017234	
0.0091433414	
0.0011400251	
0.0293016961	
0.0000000000	
0.0444787202	
0.0180453896	
0.0000000000	
0.0442051174	
0.0000000000	
0.0187013381	
0.0099945005	
0.0000000000	
0.0156198846	
0.0000000000	
0.0021168236	
0.0000000000	
0.0001641247	
0.0000000000	
0.0006551620	
0.0023998463	
0.0195902467	
-0.0000000000	
0.0201537786	
0.0005612366	
0.0009385454	
0.0000000000	
0.0000000000	
0.0000000000	
0.0000000000	
0.0252400210	
0.0142984928	
0.0332864400	
0.0000000000	
0.0004612573	
0.0074761253	
0.0028707811	
0.0000000000	
0.1060436796	
0.1252649690	
0.0019870485	
0.0017803041	
0.0000132355	
0.0197203657	
0.0360024250	
0.0000000000	
0.0847980859	
0.0133332315	
0.0757664804	
0.0077640581	
0.0024269842	
0.0000000000	
0.0015857080	
0.0084598213	
0.0005234263	
0.0019813739	
0.0000000000	
0.0000000000	
0.0000000000	
0.0018548947	
