0.0172564176	
0.0008389043	
0.0425203508	
0.0000727878	
0.0000000000	
0.0114555068	
0.0331039405	
0.0023477082	
0.0000000000	
0.0006181329	
0.0009320345	
0.0000061294	
0.0057393425	
0.0109677232	
0.0053893382	
0.0017237909	
0.0247302327	
0.0121074827	
0.0000000000	
0.0205951650	
0.0240022253	
0.0000000000	
0.0012028495	
0.0000799741	
0.0011258406	
0.0024605869	
0.0134263227	
0.0043446898	
0.0264973681	
0.0000000000	
0.0334553498	
0.0206972144	
0.0000000000	
0.0364352101	
0.0000986894	
0.0199687605	
0.0178193443	
0.0008781120	
0.0206245328	
0.0000000000	
0.0008949282	
0.0000000000	
0.0000000000	
0.0000000000	
0.0002538514	
0.0071792022	
0.0215695367	
0.0000000000	
0.0220385366	
0.0014141896	
0.0073166676	
0.0000000000	
0.0001183528	
0.0014819360	
0.0000000000	
0.0249178010	
0.0199727521	
0.0250666696	
0.0011016808	
0.0004595778	
0.0144544254	
0.0153252440	
0.0000000000	
0.0690669773	
0.0804511162	
0.0118929201	
0.0055950530	
0.0000298756	
0.0228453993	
0.0279414841	
0.0008120520	
0.0602519353	
0.0167499276	
0.0545620516	
0.0133473773	
0.0096559894	
0.0008293569	
0.0017224622	
0.0163605464	
0.0043071851	
0.0113817155	
0.0008430857	
0.0000000000	
0.0000000000	
0.0142660791	
