0.0171834536	
0.0013995419	
0.0407792056	
0.0000000000	
0.0000000000	
0.0118729407	
0.0324884269	
0.0029423166	
0.0000000000	
0.0005742603	
0.0000000000	
0.0000000000	
0.0060562772	
0.0108631126	
0.0054610637	
0.0018689852	
0.0247840412	
0.0124632468	
0.0000000000	
0.0211065562	
0.0239073544	
0.0000363558	
0.0014578330	
0.0000859966	
0.0012412548	
0.0025421590	
0.0137674894	
0.0044791480	
0.0262772103	
0.0000563750	
0.0327357426	
0.0195866757	
0.0000000000	
0.0374981635	
0.0007154206	
0.0204523270	
0.0177165439	
0.0008842742	
0.0201196300	
0.0000000000	
0.0007688299	
0.0000000000	
0.0000000000	
0.0000000000	
0.0001863766	
0.0067919941	
0.0219213144	
0.0000000000	
0.0222503920	
0.0006586604	
0.0073342709	
0.0000000000	
0.0000000000	
0.0013944749	
0.0000000000	
0.0252808784	
0.0202305320	
0.0242257659	
0.0015131894	
0.0008987609	
0.0141758976	
0.0156717074	
0.0000000000	
0.0686311731	
0.0799696919	
0.0118869399	
0.0062508644	
0.0000000000	
0.0233663187	
0.0278135378	
0.0004240288	
0.0598418956	
0.0169048978	
0.0551601780	
0.0138704642	
0.0099151754	
0.0007883859	
0.0012979730	
0.0167235690	
0.0043226302	
0.0114963597	
0.0007984842	
0.0000000000	
0.0000000000	
0.0138310055	
