0.0173419808	
0.0011454281	
0.0409258607	
0.0000009584	
0.0000000000	
0.0118108186	
0.0325555716	
0.0026437175	
0.0000000000	
0.0000279693	
0.0001508970	
0.0000000000	
0.0057897670	
0.0109044782	
0.0054153418	
0.0013887973	
0.0250557969	
0.0124434586	
0.0000000000	
0.0209408338	
0.0245225375	
0.0000000000	
0.0011028188	
0.0000000000	
0.0008308114	
0.0027345392	
0.0137795001	
0.0046381965	
0.0265937432	
0.0000000000	
0.0331070901	
0.0199364816	
0.0000000000	
0.0370374016	
0.0001498041	
0.0205447066	
0.0179799372	
0.0002855170	
0.0207161893	
0.0000420666	
0.0008793184	
0.0000000000	
0.0000000000	
0.0000000000	
0.0005735231	
0.0065604469	
0.0219270115	
0.0000000000	
0.0224614790	
0.0006999750	
0.0076212207	
0.0000000000	
0.0001506436	
0.0009694151	
0.0000000000	
0.0253109486	
0.0204748999	
0.0247087923	
0.0011197426	
0.0000100778	
0.0146738939	
0.0157173706	
0.0000000000	
0.0684964755	
0.0802239650	
0.0119253446	
0.0060524116	
0.0000000000	
0.0233405584	
0.0279100043	
0.0004178308	
0.0605238631	
0.0168545304	
0.0553459009	
0.0136822802	
0.0097834661	
0.0001689507	
0.0016996849	
0.0167944496	
0.0042745412	
0.0117679406	
0.0004934981	
0.0000000000	
0.0000000000	
0.0138425286	
