0.0154911157	
0.0000075627	
0.0476796764	
0.0000000000	
0.0000000000	
0.0096604250	
0.0360612259	
0.0000000000	
0.0000000000	
0.0000000000	
0.0005148675	
0.0000000000	
0.0028202802	
0.0104151772	
0.0039717124	
0.0000271011	
0.0241762980	
0.0107126799	
0.0000000000	
0.0209882323	
0.0236660655	
0.0000000000	
0.0001747381	
0.0000000000	
0.0000000000	
0.0001006504	
0.0136082801	
0.0024742890	
0.0281510840	
0.0000000000	
0.0356805886	
0.0195763021	
0.0000000000	
0.0389298990	
0.0007995040	
0.0211549563	
0.0177090321	
0.0000584808	
0.0216388618	
0.0000000000	
0.0003749464	
0.0032846002	
0.0000000000	
0.0000000000	
0.0000000000	
0.0026148623	
0.0216582292	
0.0000000000	
0.0221127426	
0.0003320165	
0.0047567252	
0.0000000000	
0.0000000000	
0.0000000000	
0.0000000000	
0.0262797395	
0.0198560340	
0.0271163227	
0.0000000000	
0.0000000000	
0.0144729119	
0.0121332319	
0.0000000000	
0.0775347135	
0.0902741878	
0.0109504303	
0.0028053944	
0.0010154003	
0.0225935490	
0.0308052549	
0.0005327093	
0.0651492822	
0.0184919527	
0.0586760411	
0.0137822243	
0.0097854125	
0.0000000000	
0.0004665431	
0.0148326895	
0.0011962275	
0.0093669009	
0.0000000000	
0.0000000000	
0.0000000000	
0.0104996381	
