0.0161300604	
0.0000082474	
0.0457480229	
0.0000000000	
0.0000000000	
0.0102878895	
0.0351657031	
0.0000000000	
0.0000000000	
0.0000000000	
0.0000312112	
0.0000000000	
0.0044645193	
0.0107588265	
0.0043869396	
0.0000000000	
0.0246377836	
0.0110747101	
0.0000000000	
0.0211514586	
0.0241615498	
0.0000000000	
0.0000733150	
0.0000000000	
0.0000000000	
0.0011659107	
0.0137761217	
0.0032037445	
0.0279831122	
0.0000000000	
0.0354735315	
0.0199160871	
0.0000000000	
0.0388441887	
0.0004096033	
0.0209804701	
0.0176759335	
0.0000000000	
0.0212483601	
0.0000000000	
0.0000279740	
0.0000000000	
0.0000000000	
0.0000000000	
0.0000095868	
0.0060083841	
0.0213581129	
0.0000000000	
0.0225881382	
0.0000212496	
0.0056181454	
0.0000000000	
0.0000000000	
0.0000014333	
0.0000000000	
0.0258152533	
0.0201536192	
0.0260956280	
0.0000000000	
0.0000000000	
0.0151226212	
0.0129238259	
0.0000000000	
0.0755082950	
0.0878400618	
0.0115559020	
0.0040426663	
0.0008218556	
0.0226919148	
0.0295751867	
0.0002510975	
0.0630279227	
0.0183492235	
0.0581032998	
0.0136301451	
0.0097364814	
0.0000000000	
0.0000518776	
0.0151517609	
0.0023513979	
0.0104973300	
0.0000000000	
-0.0000000000	
0.0000000000	
0.0123123094	
