0.0163064107	
0.0000135430	
0.0451712861	
0.0000000000	
0.0000000000	
0.0104573456	
0.0348494034	
0.0001322426	
0.0000000000	
0.0000000000	
0.0000357313	
0.0000000000	
0.0044112962	
0.0108898021	
0.0046321082	
0.0000068115	
0.0246702563	
0.0112043144	
0.0000000000	
0.0212435798	
0.0241029579	
0.0000000000	
0.0003623804	
0.0000000000	
0.0000013734	
0.0012315426	
0.0139198951	
0.0034005226	
0.0279071381	
0.0000000000	
0.0352846750	
0.0198145670	
0.0000000000	
0.0386469663	
0.0004152285	
0.0209563251	
0.0178986949	
0.0000000000	
0.0213559719	
0.0000000000	
0.0000357091	
0.0000000000	
0.0000000000	
0.0000000000	
0.0000202236	
0.0057067061	
0.0214175771	
-0.0000000000	
0.0227137716	
0.0000274187	
0.0059693567	
0.0000000000	
0.0000000000	
0.0000021092	
-0.0000000000	
0.0258705473	
0.0201814918	
0.0258387950	
0.0000000000	
0.0000000000	
0.0151341112	
0.0130247583	
0.0000000000	
0.0746999526	
0.0871151960	
0.0117680081	
0.0042638823	
0.0008197586	
0.0227727764	
0.0295244704	
0.0002718439	
0.0626392894	
0.0184249854	
0.0578488653	
0.0138929502	
0.0098407209	
-0.0000000000	
0.0000670150	
0.0153001623	
0.0025075166	
0.0106947797	
0.0000000000	
0.0000000000	
0.0000000000	
0.0122828812	
