0.0021358123	
0.0155455246	
0.0000000000	
0.0098257484	
0.0037542762	
0.0002674382	
0.0195154027	
0.0047417542	
0.0040304012	
0.0000000000	
0.0134574844	
0.0051057501	
0.0000000000	
0.0043237707	
0.0086261131	
0.0026019115	
0.0131721514	
0.0072012355	
0.0303659533	
0.0000000000	
0.0066477001	
0.0156758221	
0.0077956135	
0.0076991076	
0.0068453784	
0.0117232500	
0.0040885513	
0.0334357679	
0.0034043485	
0.0082621108	
0.0215905533	
0.0322250403	
0.0085844796	
0.0000000000	
0.0062309592	
0.0263363313	
0.0103144356	
0.0171204221	
0.0074745188	
0.0252033075	
0.0042049633	
0.0107578927	
0.0059153313	
0.0024312271	
0.0134079432	
0.0232094727	
0.0005981351	
0.0125089020	
0.0030232817	
0.0090673507	
0.0072239518	
0.0263745866	
0.0140973889	
0.0137398241	
0.0114170506	
0.0244139628	
0.0171761792	
0.0056489042	
0.0127040348	
0.0128417724	
0.0028453962	
0.0000000000	
0.0073784220	
0.0326719887	
0.0043796656	
0.0527433163	
0.0117483314	
0.0434954088	
0.0150519083	
0.0107809845	
0.0042937879	
0.0204620218	
0.0022616544	
0.0065217680	
0.0162513799	
0.0199517506	
0.0136722778	
0.0468160126	
0.0192035955	
0.0000000000	
0.0027048283	
0.0013434159	
0.0293315048	
