0.0020181601	
0.0167457136	
0.0031918538	
0.0097164873	
0.0013348896	
0.0028669911	
0.0190686879	
0.0066333005	
0.0052288568	
0.0000000000	
0.0123321598	
0.0081994542	
0.0029091008	
0.0065182354	
0.0118100472	
0.0056395033	
0.0131807605	
0.0065130589	
0.0247969350	
0.0000000000	
0.0082616745	
0.0165887626	
0.0093699726	
0.0083742825	
0.0054412884	
0.0099704557	
0.0046565386	
0.0269036126	
0.0042736543	
0.0088505784	
0.0182857552	
0.0282722551	
0.0099604557	
0.0013023286	
0.0076553537	
0.0243883300	
0.0093099526	
0.0167266795	
0.0089708622	
0.0237144705	
0.0060681420	
0.0096506462	
0.0076850187	
0.0038928213	
0.0157878288	
0.0195327937	
0.0032896947	
0.0141368809	
0.0046562995	
0.0118242021	
0.0094303237	
0.0261412341	
0.0120753547	
0.0092843625	
0.0142036351	
0.0197520507	
0.0149630060	
0.0079813077	
0.0138926884	
0.0121908320	
0.0018210276	
0.0029111909	
0.0113316900	
0.0260681675	
0.0065733094	
0.0467505754	
0.0141050682	
0.0354544345	
0.0120811413	
0.0123329434	
0.0047043883	
0.0201914067	
0.0021026232	
0.0081641410	
0.0170131648	
0.0169411972	
0.0122023482	
0.0429660157	
0.0207848493	
0.0016257487	
0.0048175357	
0.0045010893	
0.0281353617	
