0.0023087776	
0.0145242115	
0.0024540897	
0.0079762192	
0.0056090475	
0.0000000000	
0.0178371294	
0.0036103817	
0.0036640358	
0.0000000000	
0.0120581875	
0.0088559457	
0.0048528906	
0.0063575931	
0.0078078148	
0.0048462226	
0.0153549387	
0.0067528100	
0.0192605691	
0.0000000000	
0.0103246524	
0.0145072043	
0.0097451540	
0.0097853644	
0.0043323806	
0.0082158589	
0.0043014933	
0.0220270451	
0.0051584847	
0.0078173523	
0.0151695179	
0.0286330605	
0.0120111748	
0.0034000171	
0.0071494712	
0.0244415384	
0.0089306566	
0.0185426441	
0.0097351690	
0.0242097307	
0.0111127455	
0.0087955372	
0.0085951069	
0.0047039631	
0.0178740144	
0.0106830260	
0.0037720419	
0.0136166247	
0.0037328053	
0.0190119546	
0.0077204156	
0.0233970240	
0.0136991774	
0.0087094333	
0.0199431959	
0.0203266312	
0.0177318759	
0.0095268939	
0.0129727850	
0.0108795256	
0.0024443123	
0.0023807816	
0.0188585655	
0.0258030276	
0.0038441529	
0.0376022399	
0.0203816656	
0.0277014160	
0.0139739882	
0.0138869146	
0.0051755836	
0.0200318064	
0.0009005751	
0.0071851751	
0.0190969364	
0.0161650549	
0.0147439466	
0.0475719994	
0.0224715377	
0.0000000000	
0.0080002269	
0.0049085233	
0.0274979584	
