0.0024009930	
0.0157686474	
0.0010329253	
0.0065683996	
0.0036620490	
0.0000000000	
0.0197592241	
0.0038151704	
0.0027093146	
0.0000000000	
0.0127059096	
0.0088681864	
0.0028749143	
0.0068434488	
0.0093473779	
0.0044263144	
0.0140667731	
0.0079301611	
0.0220866436	
0.0000000000	
0.0105185061	
0.0145875180	
0.0095578502	
0.0092111636	
0.0044635502	
0.0075593951	
0.0041565604	
0.0248614052	
0.0028216648	
0.0079015540	
0.0174791370	
0.0319547760	
0.0107833450	
0.0016963190	
0.0067268443	
0.0255876551	
0.0085434497	
0.0185821289	
0.0097866216	
0.0256502412	
0.0084960579	
0.0083023619	
0.0057127708	
0.0021254025	
0.0179847044	
0.0138603905	
0.0027909261	
0.0147023996	
0.0034216388	
0.0175650349	
0.0068100809	
0.0243362963	
0.0130250841	
0.0091150451	
0.0174587927	
0.0204017176	
0.0172276434	
0.0092321959	
0.0120074490	
0.0112707536	
0.0009977345	
0.0025905144	
0.0167838997	
0.0267711304	
0.0029524897	
0.0425400170	
0.0184820289	
0.0320314676	
0.0139424870	
0.0115916370	
0.0050803176	
0.0225717720	
0.0004709517	
0.0065393877	
0.0179533854	
0.0168076908	
0.0132741611	
0.0495284912	
0.0228239266	
0.0000000000	
0.0071042647	
0.0050168183	
0.0310025425	
