0.0026575998	
0.0165100796	
0.0037447730	
0.0095195472	
0.0026441600	
0.0030366534	
0.0185469426	
0.0066093288	
0.0049972513	
-0.0000000000	
0.0124945771	
0.0087022358	
0.0039692295	
0.0070692468	
0.0122250914	
0.0060113746	
0.0132817914	
0.0069880327	
0.0224722577	
0.0000000000	
0.0087593230	
0.0155117742	
0.0099186443	
0.0095359927	
0.0060025474	
0.0088371212	
0.0049099148	
0.0242731906	
0.0042287685	
0.0088973523	
0.0173731720	
0.0270478292	
0.0107545666	
0.0026032874	
0.0085348663	
0.0236528897	
0.0099503137	
0.0170511814	
0.0095880517	
0.0234556228	
0.0076980197	
0.0095315922	
0.0091325686	
0.0053220064	
0.0160575456	
0.0167541823	
0.0043556980	
0.0141356238	
0.0045590298	
0.0118549806	
0.0094833615	
0.0251549472	
0.0133816688	
0.0093549278	
0.0152532439	
0.0184992047	
0.0152669279	
0.0096015181	
0.0140677787	
0.0117769930	
0.0030394421	
0.0036295611	
0.0125991434	
0.0232389219	
0.0070148502	
0.0403908864	
0.0151202901	
0.0315272197	
0.0115343423	
0.0114494732	
0.0059300186	
0.0206152020	
0.0022128029	
0.0085555590	
0.0160530436	
0.0170458511	
0.0135106838	
0.0405540139	
0.0200463226	
0.0020711683	
0.0067666033	
0.0060909373	
0.0273952622	
