0.0026160637	
0.0141374921	
0.0021350453	
0.0083634886	
0.0060548652	
0.0011728171	
0.0174216122	
0.0050691522	
0.0073472435	
0.0009656001	
0.0130444983	
0.0077182034	
0.0067268563	
0.0068670263	
0.0099548996	
0.0069207119	
0.0158341978	
0.0062582302	
0.0181975965	
0.0000000000	
0.0128320477	
0.0208873735	
0.0105994176	
0.0098811786	
0.0000000000	
0.0106862247	
0.0056997674	
0.0193346850	
0.0061485678	
0.0073985295	
0.0117227742	
0.0260637530	
0.0131782280	
0.0058438912	
0.0074554059	
0.0214122988	
0.0071348192	
0.0196347876	
0.0099050020	
0.0226760511	
0.0128637682	
0.0110601559	
0.0068328100	
0.0040624900	
0.0194257733	
0.0100702893	
0.0058104720	
0.0122615194	
0.0060843525	
0.0185973929	
0.0071784915	
0.0215172949	
0.0144602456	
0.0084222659	
0.0199923775	
0.0184752537	
0.0190128766	
0.0109786359	
0.0128685807	
0.0109998539	
0.0000000000	
0.0047449092	
0.0193430510	
0.0274151726	
0.0000155866	
0.0337100566	
0.0192819584	
0.0229941663	
0.0154164526	
0.0122810564	
0.0068250499	
0.0170394853	
0.0013736521	
0.0083989806	
0.0190199867	
0.0144039360	
0.0144746371	
0.0457962632	
0.0206712598	
0.0013463971	
0.0098574878	
0.0050699194	
0.0242452323	
