0.0012658622	
0.0131523110	
0.0025879946	
0.0084852737	
0.0076568369	
0.0009347964	
0.0166228227	
0.0039550101	
0.0069846578	
0.0007820991	
0.0129548034	
0.0074451598	
0.0072831670	
0.0069777064	
0.0101326743	
0.0060529369	
0.0160218048	
0.0061788998	
0.0158965462	
0.0000000000	
0.0126082912	
0.0198737097	
0.0111788567	
0.0111553107	
0.0015075595	
0.0103069065	
0.0058443274	
0.0170831206	
0.0065413922	
0.0090446636	
0.0109004101	
0.0262976975	
0.0136563906	
0.0065407641	
0.0066367257	
0.0199899626	
0.0052261680	
0.0203461667	
0.0106378444	
0.0202088672	
0.0135465825	
0.0111435710	
0.0076193784	
0.0059846704	
0.0184862971	
0.0069662621	
0.0065427262	
0.0131056960	
0.0068548919	
0.0195735892	
0.0081808742	
0.0210739434	
0.0129912137	
0.0106207969	
0.0205820139	
0.0199386067	
0.0194804377	
0.0110857300	
0.0132166839	
0.0120039301	
0.0000211797	
0.0051002760	
0.0202608431	
0.0263151221	
0.0013951744	
0.0320576544	
0.0204050932	
0.0217800843	
0.0157467599	
0.0128101781	
0.0072990812	
0.0155403999	
0.0001427505	
0.0080910307	
0.0198675873	
0.0146092461	
0.0144223540	
0.0439952651	
0.0208137819	
0.0015629230	
0.0110445361	
0.0061606526	
0.0246036335	
