0.007642	
0.013913	
0.000000	
0.011774	
0.019161	
0.000000	
0.004535	
0.023343	
0.029394	
0.007182	
0.003773	
0.020442	
0.013480	
0.024589	
0.008700	
0.001565	
0.031524	
0.000622	
0.017429	
0.006911	
0.000000	
0.000000	
0.011007	
0.005288	
0.018094	
0.014648	
0.004731	
0.022322	
0.040901	
0.010154	
0.017992	
0.009844	
0.031255	
0.001673	
0.000000	
0.000000	
0.000000	
0.047563	
0.020021	
0.000000	
0.009506	
0.010703	
0.000000	
0.018261	
0.009959	
0.007555	
0.005132	
0.004953	
0.012626	
0.015120	
0.012503	
0.000000	
0.001779	
0.003346	
0.015676	
0.006995	
0.008213	
0.000000	
0.012196	
0.028384	
0.000845	
0.020440	
0.008080	
0.026372	
0.011324	
0.025447	
0.000000	
0.015125	
0.013694	
0.015117	
0.004767	
0.026123	
0.006091	
0.000000	
0.013674	
0.015261	
0.004337	
0.007460	
0.006324	
0.019645	
0.000000	
0.000000	
0.000000	
0.018860	
0.009985	
0.010241	
0.016019	
0.003148	
0.017242	
