0.007581	
0.013864	
0.000000	
0.011047	
0.014418	
0.000000	
0.000000	
0.022384	
0.037287	
0.006292	
0.005249	
0.018451	
0.018485	
0.025553	
0.008087	
0.000000	
0.036451	
0.000000	
0.018270	
0.008001	
0.000000	
0.000270	
0.008206	
0.000000	
0.023880	
0.010249	
0.000649	
0.034333	
0.057250	
0.010158	
0.014446	
0.006485	
0.038432	
0.000000	
0.000000	
0.000000	
0.000000	
0.060874	
0.012730	
0.000000	
0.004166	
0.009727	
0.000000	
0.025321	
0.006361	
0.000324	
0.000799	
0.004727	
0.010099	
0.011399	
0.010119	
0.000000	
0.000000	
0.000000	
0.015826	
0.003020	
0.005591	
0.000000	
0.010741	
0.034167	
0.000000	
0.017680	
0.005449	
0.028458	
0.006316	
0.023172	
0.000000	
0.017845	
0.014264	
0.022964	
0.001169	
0.034730	
0.006073	
0.000000	
0.015452	
0.018516	
0.010893	
0.004922	
0.000144	
0.021555	
0.000000	
0.000000	
0.000000	
0.025640	
0.005405	
0.008451	
0.015626	
0.000000	
0.013511	
