0.007799	
0.010215	
0.000000	
0.008661	
0.019889	
0.000000	
0.006325	
0.026328	
0.028246	
0.004892	
0.000787	
0.019695	
0.016163	
0.025531	
0.012209	
0.000000	
0.033408	
0.001423	
0.013012	
0.006434	
0.000000	
0.000000	
0.009857	
0.004257	
0.017815	
0.017395	
0.003266	
0.022416	
0.042812	
0.011145	
0.017895	
0.010675	
0.032726	
0.001530	
0.000000	
0.000000	
0.000000	
0.049635	
0.019266	
0.000000	
0.008160	
0.012630	
0.000000	
0.020894	
0.009969	
0.008764	
0.004418	
0.006478	
0.014044	
0.014064	
0.014118	
0.000000	
0.000018	
0.002261	
0.015415	
0.004973	
0.008071	
0.000000	
0.011562	
0.027533	
0.001366	
0.020552	
0.008537	
0.027002	
0.013985	
0.023689	
0.000000	
0.012744	
0.012124	
0.014422	
0.002705	
0.026035	
0.008393	
0.000000	
0.011587	
0.016812	
0.002856	
0.009885	
0.005630	
0.022311	
0.000000	
0.000000	
0.000000	
0.018724	
0.009341	
0.011096	
0.019079	
0.001107	
0.014940	
