0.006953	
0.015362	
0.000000	
0.011298	
0.015337	
0.000000	
0.003141	
0.020754	
0.031906	
0.008548	
0.003797	
0.020749	
0.013653	
0.024027	
0.005805	
0.000000	
0.033543	
0.000000	
0.018620	
0.004174	
0.000000	
0.000000	
0.011506	
0.007404	
0.019149	
0.009884	
0.003231	
0.024494	
0.045368	
0.008195	
0.018428	
0.007804	
0.035233	
0.004104	
0.000000	
0.000000	
0.000000	
0.047649	
0.019215	
0.000000	
0.010292	
0.008721	
0.000586	
0.013430	
0.008361	
0.008496	
0.005660	
0.004830	
0.014555	
0.015507	
0.012837	
0.000000	
0.000636	
0.002599	
0.014127	
0.005758	
0.005132	
0.000000	
0.014666	
0.032694	
0.001311	
0.022675	
0.010693	
0.026047	
0.009883	
0.027070	
0.000000	
0.016726	
0.016701	
0.013948	
0.007030	
0.024275	
0.006863	
0.000000	
0.007772	
0.018108	
0.005522	
0.007927	
0.006187	
0.018647	
0.000000	
0.000000	
0.000000	
0.023211	
0.009795	
0.009797	
0.012480	
0.000770	
0.018345	
