0.001834	
0.005335	
0.004094	
0.002429	
0.003106	
0.002177	
0.002738	
0.001645	
0.003751	
0.001585	
0.001966	
0.001968	
0.003952	
0.002402	
0.000453	
0.002391	
0.002367	
0.003313	
0.003160	
0.003565	
0.002315	
0.001440	
0.001374	
0.003968	
0.003804	
0.001837	
0.004200	
0.004122	
0.005315	
0.005027	
0.002072	
0.003495	
0.002700	
0.002520	
0.004143	
0.002606	
0.004411	
0.003023	
0.000751	
0.002041	
0.003903	
0.002345	
0.002059	
0.002091	
0.002652	
0.002431	
0.002911	
0.004087	
0.001310	
0.005493	
0.004629	
0.003632	
0.001208	
0.001277	
0.003808	
0.002957	
0.000872	
0.000862	
0.001712	
0.002132	
0.002681	
0.003365	
0.003473	
0.001422	
0.001535	
0.004963	
0.002988	
0.003349	
0.002868	
0.001744	
0.001619	
0.001661	
0.001796	
0.001766	
0.004349	
0.001569	
0.002110	
0.002733	
0.003709	
0.002788	
0.002071	
0.001004	
0.000648	
0.003291	
0.001810	
0.005408	
0.002508	
0.002594	
0.002003	
0.002466	
0.002780	
0.003331	
0.004585	
0.002717	
0.002094	
0.002641	
0.003150	
0.001950	
0.002473	
0.003145	
0.002398	
0.002119	
0.004861	
0.002540	
0.000901	
0.002204	
0.002809	
0.002436	
0.001750	
0.002989	
0.002426	
0.002082	
0.002682	
0.001763	
0.004684	
0.002747	
0.003706	
0.001869	
0.004638	
0.003192	
0.002928	
0.002382	
0.002191	
0.002533	
0.001573	
0.003585	
0.003206	
0.002165	
0.001787	
0.004848	
0.002646	
0.002306	
0.004075	
0.004217	
0.003687	
0.003388	
0.002605	
0.000514	
0.005704	
0.001981	
0.002008	
0.002545	
0.001326	
0.002292	
0.002453	
0.002860	
0.002681	
0.002410	
0.001987	
0.001756	
0.002813	
0.003749	
0.002351	
0.004979	
0.001904	
0.004180	
0.001663	
0.002540	
0.002408	
0.004023	
0.002945	
0.002473	
0.004655	
0.001151	
0.004038	
0.001895	
0.004199	
0.001273	
0.002268	
0.001557	
0.000455	
0.002846	
0.003132	
0.002046	
0.002717	
0.004816	
0.002572	
0.001548	
0.002167	
0.002062	
0.003723	
0.001666	
0.001704	
0.002687	
0.002658	
0.001502	
0.006472	
0.001113	
0.002056	
0.001565	
0.002391	
0.002191	
0.004472	
0.003513	
0.001102	
0.003257	
0.003509	
0.002128	
0.002870	
0.003222	
0.002321	
0.002705	
0.002860	
0.004366	
0.002805	
0.001984	
0.002159	
0.001704	
0.002850	
0.003311	
0.003681	
0.001329	
0.003503	
0.003329	
0.002514	
0.002182	
0.001312	
0.002079	
0.008511	
0.005612	
0.003059	
0.001072	
0.002949	
0.002267	
0.000898	
0.000996	
0.002320	
0.003084	
0.002966	
0.002679	
0.001137	
0.002310	
0.003424	
0.003249	
0.003111	
0.002938	
0.004244	
0.003139	
0.003131	
0.001388	
0.002897	
0.005665	
0.001670	
0.003205	
0.003691	
0.001406	
0.001932	
0.004378	
0.003504	
0.001696	
0.002603	
0.003721	
0.002394	
0.002213	
0.001662	
0.000968	
0.001331	
0.002683	
0.002529	
0.003695	
0.002548	
0.002664	
0.002467	
0.002934	
0.001999	
0.002465	
0.002429	
0.004210	
0.003349	
0.004530	
0.003274	
0.004725	
0.001614	
0.003176	
0.002950	
0.002885	
0.007598	
0.001864	
0.003104	
0.003772	
0.003620	
0.003674	
0.004604	
0.003318	
0.004499	
0.005511	
0.002541	
0.007052	
0.003884	
0.001725	
0.001964	
0.003736	
0.003511	
0.002793	
0.002358	
0.004210	
0.002952	
0.001487	
0.002378	
0.003899	
0.002534	
0.004412	
0.003015	
0.002365	
0.003801	
0.002559	
0.004746	
0.002439	
0.001657	
0.001007	
0.002043	
0.001811	
0.003692	
0.003341	
0.003134	
0.002343	
0.006177	
0.002277	
0.003834	
0.000672	
0.001760	
0.002203	
0.002962	
0.003374	
0.003847	
0.001900	
0.003465	
0.001312	
0.004619	
0.002421	
0.003617	
0.004249	
0.001891	
0.002940	
0.001614	
0.005041	
0.004899	
0.001114	
0.002996	
0.001870	
0.005993	
0.002575	
0.003267	
0.002766	
0.002784	
0.002183	
0.005388	
0.000944	
0.000799	
0.001971	
0.001809	
0.001620	
0.002652	
0.001551	
0.003169	
0.001398	
