0.001874	
0.005322	
0.004010	
0.002354	
0.003064	
0.002134	
0.002656	
0.001461	
0.003749	
0.001447	
0.001888	
0.002081	
0.003933	
0.002487	
0.000408	
0.002270	
0.002402	
0.003272	
0.003449	
0.003546	
0.002187	
0.001219	
0.001879	
0.004146	
0.003833	
0.001441	
0.004256	
0.004332	
0.005243	
0.005110	
0.002062	
0.003523	
0.003180	
0.002363	
0.004157	
0.002521	
0.004626	
0.002956	
0.000709	
0.002095	
0.003905	
0.002500	
0.001954	
0.002129	
0.002316	
0.002311	
0.002992	
0.004113	
0.001151	
0.005896	
0.004622	
0.003637	
0.000985	
0.001277	
0.004116	
0.002953	
0.000743	
0.000760	
0.001595	
0.002019	
0.002891	
0.003385	
0.003602	
0.001311	
0.001436	
0.004982	
0.002965	
0.003194	
0.002810	
0.001733	
0.001642	
0.001530	
0.001886	
0.001716	
0.004599	
0.001435	
0.002218	
0.002787	
0.003599	
0.002998	
0.001916	
0.001058	
0.000500	
0.003185	
0.001578	
0.005530	
0.002584	
0.002462	
0.002142	
0.002435	
0.002896	
0.003341	
0.004714	
0.002715	
0.002047	
0.002484	
0.002987	
0.002184	
0.002400	
0.003088	
0.002321	
0.002005	
0.005000	
0.002805	
0.000880	
0.001922	
0.002785	
0.002552	
0.001590	
0.002955	
0.002326	
0.002162	
0.002938	
0.001881	
0.004986	
0.002647	
0.004174	
0.001740	
0.004703	
0.003153	
0.003088	
0.002261	
0.002216	
0.002662	
0.001703	
0.003756	
0.003724	
0.002027	
0.001671	
0.004824	
0.002558	
0.002413	
0.004114	
0.004628	
0.004174	
0.003391	
0.002501	
0.000550	
0.005624	
0.002065	
0.001982	
0.002394	
0.001346	
0.002152	
0.002440	
0.002969	
0.003280	
0.002464	
0.001927	
0.001524	
0.003123	
0.003676	
0.002534	
0.005095	
0.001868	
0.004781	
0.001485	
0.002441	
0.002424	
0.004043	
0.002958	
0.002471	
0.004666	
0.001339	
0.004044	
0.001921	
0.003832	
0.000960	
0.002158	
0.001432	
0.000377	
0.002371	
0.003037	
0.001993	
0.002707	
0.004940	
0.002661	
0.001543	
0.002318	
0.002000	
0.003726	
0.001739	
0.001744	
0.002648	
0.002368	
0.001445	
0.006242	
0.001089	
0.001799	
0.001481	
0.002520	
0.001998	
0.004583	
0.003625	
0.000896	
0.003180	
0.003417	
0.002060	
0.002571	
0.003037	
0.001899	
0.002743	
0.002920	
0.004278	
0.002644	
0.001842	
0.002536	
0.001838	
0.002993	
0.003327	
0.003690	
0.001126	
0.003916	
0.003311	
0.002545	
0.002265	
0.001180	
0.001974	
0.008299	
0.005618	
0.003263	
0.001036	
0.003325	
0.002089	
0.000728	
0.001037	
0.002358	
0.002977	
0.002834	
0.002668	
0.001355	
0.002577	
0.003402	
0.003134	
0.002842	
0.002798	
0.004506	
0.003159	
0.003076	
0.001294	
0.003023	
0.005821	
0.001427	
0.003174	
0.004104	
0.001351	
0.001885	
0.004264	
0.003797	
0.001604	
0.002625	
0.003768	
0.002297	
0.002175	
0.001612	
0.000885	
0.001211	
0.002729	
0.002581	
0.003757	
0.002674	
0.002730	
0.002470	
0.003156	
0.001829	
0.002415	
0.002458	
0.004159	
0.003388	
0.004792	
0.003636	
0.005258	
0.001747	
0.002839	
0.002983	
0.002781	
0.007554	
0.001884	
0.002933	
0.003746	
0.003595	
0.003680	
0.004876	
0.003345	
0.004353	
0.006240	
0.002485	
0.007258	
0.003957	
0.001572	
0.001731	
0.003619	
0.003549	
0.002896	
0.002616	
0.004267	
0.002889	
0.001384	
0.002321	
0.003946	
0.002515	
0.004450	
0.003023	
0.002213	
0.003829	
0.002522	
0.004318	
0.002398	
0.001615	
0.001070	
0.001928	
0.001552	
0.003618	
0.003372	
0.003177	
0.002278	
0.006244	
0.002404	
0.003621	
0.000364	
0.001636	
0.002170	
0.002928	
0.003269	
0.003712	
0.001915	
0.003393	
0.001264	
0.004793	
0.002428	
0.003585	
0.004565	
0.001848	
0.002955	
0.001486	
0.004580	
0.005015	
0.001191	
0.002958	
0.001889	
0.005956	
0.002500	
0.003160	
0.002787	
0.002555	
0.002099	
0.005571	
0.000834	
0.000634	
0.001866	
0.001934	
0.001736	
0.002611	
0.001444	
0.003380	
0.001441	
