0.001788	
0.005371	
0.004133	
0.002418	
0.003070	
0.002145	
0.002633	
0.001675	
0.003685	
0.001540	
0.001958	
0.001864	
0.003978	
0.002405	
0.000404	
0.002432	
0.002340	
0.003267	
0.003014	
0.003729	
0.002328	
0.001423	
0.001583	
0.003891	
0.003805	
0.001716	
0.004134	
0.004352	
0.005473	
0.005006	
0.002077	
0.003613	
0.002760	
0.002547	
0.004121	
0.002681	
0.004486	
0.003045	
0.000776	
0.001953	
0.003871	
0.002519	
0.001999	
0.002039	
0.002605	
0.002456	
0.002851	
0.004188	
0.001265	
0.005371	
0.004610	
0.003653	
0.001198	
0.001415	
0.003868	
0.003046	
0.000790	
0.000917	
0.001716	
0.002169	
0.002584	
0.003341	
0.003595	
0.001396	
0.001432	
0.004985	
0.003025	
0.003251	
0.002933	
0.001766	
0.001621	
0.001700	
0.001812	
0.001774	
0.004269	
0.001616	
0.002070	
0.002645	
0.003681	
0.002731	
0.002124	
0.001116	
0.000655	
0.003271	
0.001825	
0.005449	
0.002492	
0.002648	
0.001977	
0.002468	
0.002768	
0.003375	
0.004637	
0.002694	
0.002204	
0.002683	
0.003240	
0.001929	
0.002536	
0.003205	
0.002391	
0.002124	
0.004823	
0.002606	
0.000948	
0.002372	
0.002755	
0.002435	
0.001774	
0.003033	
0.002425	
0.002138	
0.002643	
0.001671	
0.004669	
0.002817	
0.003669	
0.001896	
0.004623	
0.003266	
0.002942	
0.002298	
0.002114	
0.002561	
0.001653	
0.003456	
0.003011	
0.002160	
0.001799	
0.004638	
0.002725	
0.002252	
0.004045	
0.004166	
0.003762	
0.003446	
0.002603	
0.000498	
0.005564	
0.001979	
0.002082	
0.002445	
0.001362	
0.002238	
0.002354	
0.002777	
0.002753	
0.002438	
0.002005	
0.001834	
0.002792	
0.003687	
0.002342	
0.005065	
0.001916	
0.004116	
0.001624	
0.002564	
0.002439	
0.004020	
0.002905	
0.002475	
0.004638	
0.001151	
0.004067	
0.001972	
0.004159	
0.001194	
0.002198	
0.001575	
0.000497	
0.002869	
0.003020	
0.002065	
0.002678	
0.004763	
0.002532	
0.001508	
0.002214	
0.002002	
0.003724	
0.001664	
0.001747	
0.002741	
0.002539	
0.001446	
0.006375	
0.001113	
0.002189	
0.001747	
0.002364	
0.002230	
0.004556	
0.003590	
0.001084	
0.003258	
0.003458	
0.002144	
0.002946	
0.003179	
0.002433	
0.002720	
0.002867	
0.004408	
0.002753	
0.002024	
0.002127	
0.001719	
0.002923	
0.003357	
0.003677	
0.001347	
0.003468	
0.003388	
0.002489	
0.002177	
0.001280	
0.002084	
0.008492	
0.005642	
0.003132	
0.001075	
0.002931	
0.002195	
0.000800	
0.000998	
0.002293	
0.003104	
0.002780	
0.002673	
0.001408	
0.002406	
0.003447	
0.003202	
0.002975	
0.003016	
0.003939	
0.003118	
0.003018	
0.001440	
0.002879	
0.005628	
0.001697	
0.003253	
0.003640	
0.001396	
0.001866	
0.004432	
0.003491	
0.001747	
0.002581	
0.003616	
0.002464	
0.002177	
0.001684	
0.001026	
0.001271	
0.002670	
0.002461	
0.003752	
0.002599	
0.002719	
0.002458	
0.002897	
0.002003	
0.002476	
0.002403	
0.004067	
0.003445	
0.004372	
0.003319	
0.004726	
0.001524	
0.003106	
0.003010	
0.002933	
0.007481	
0.001782	
0.003133	
0.003752	
0.003350	
0.003798	
0.004585	
0.003341	
0.004518	
0.005329	
0.002555	
0.007042	
0.003992	
0.001712	
0.001948	
0.003800	
0.003597	
0.002894	
0.002340	
0.004242	
0.002976	
0.001493	
0.002359	
0.003947	
0.002621	
0.004369	
0.002995	
0.002319	
0.003978	
0.002548	
0.004843	
0.002415	
0.001667	
0.001080	
0.002065	
0.001850	
0.003710	
0.003296	
0.003068	
0.002357	
0.006221	
0.002264	
0.003842	
0.000631	
0.001775	
0.002223	
0.003007	
0.003312	
0.003883	
0.001864	
0.003484	
0.001219	
0.004483	
0.002409	
0.003538	
0.004360	
0.002026	
0.003016	
0.001656	
0.004919	
0.004942	
0.001195	
0.003024	
0.001917	
0.005855	
0.002595	
0.003268	
0.002761	
0.002894	
0.002217	
0.005362	
0.000988	
0.000774	
0.001994	
0.001720	
0.001602	
0.002582	
0.001525	
0.003208	
0.001324	
