0.001906	
0.005381	
0.004102	
0.002329	
0.003123	
0.002126	
0.002630	
0.001470	
0.003791	
0.001344	
0.001764	
0.002126	
0.003885	
0.002675	
0.000320	
0.002106	
0.002501	
0.003187	
0.003570	
0.003320	
0.002163	
0.001022	
0.001828	
0.004243	
0.004075	
0.001452	
0.004254	
0.004764	
0.005456	
0.005500	
0.002027	
0.003745	
0.003220	
0.002320	
0.004198	
0.002355	
0.004549	
0.002862	
0.000679	
0.002073	
0.003919	
0.002582	
0.002038	
0.002069	
0.002752	
0.002277	
0.003091	
0.004106	
0.001129	
0.006046	
0.004794	
0.003568	
0.001025	
0.001177	
0.004103	
0.002810	
0.000848	
0.000926	
0.001617	
0.002008	
0.002796	
0.003466	
0.003714	
0.001218	
0.001241	
0.005201	
0.003030	
0.003244	
0.002832	
0.001843	
0.001625	
0.001631	
0.001880	
0.001703	
0.004594	
0.001323	
0.002221	
0.002779	
0.003680	
0.002941	
0.002017	
0.000943	
0.000264	
0.003238	
0.001510	
0.005730	
0.002609	
0.002376	
0.002190	
0.002435	
0.002960	
0.003356	
0.004636	
0.002765	
0.001894	
0.002473	
0.003182	
0.002077	
0.002223	
0.003232	
0.002215	
0.002021	
0.005038	
0.002657	
0.000669	
0.001418	
0.002925	
0.002584	
0.001620	
0.003010	
0.002188	
0.002189	
0.002818	
0.001937	
0.004860	
0.002540	
0.004119	
0.001693	
0.004830	
0.003011	
0.003160	
0.002084	
0.001934	
0.002711	
0.001765	
0.003849	
0.003874	
0.002062	
0.001635	
0.004678	
0.002581	
0.002471	
0.004017	
0.004801	
0.004303	
0.003309	
0.002276	
0.000553	
0.005710	
0.002020	
0.001777	
0.002421	
0.001302	
0.002304	
0.002332	
0.003056	
0.003097	
0.002512	
0.002010	
0.001566	
0.003080	
0.003847	
0.002570	
0.005186	
0.001853	
0.004585	
0.001244	
0.002459	
0.002393	
0.004151	
0.002833	
0.002541	
0.004593	
0.001306	
0.003950	
0.001807	
0.003938	
0.000839	
0.002176	
0.001482	
0.000205	
0.002376	
0.003074	
0.001959	
0.002737	
0.005102	
0.002567	
0.001470	
0.002207	
0.002082	
0.003728	
0.001653	
0.001748	
0.002582	
0.002373	
0.001410	
0.006688	
0.001077	
0.001650	
0.001514	
0.002724	
0.001882	
0.004588	
0.003623	
0.000679	
0.003115	
0.003624	
0.001972	
0.002677	
0.002930	
0.001552	
0.002669	
0.002807	
0.004305	
0.002418	
0.001906	
0.002801	
0.001829	
0.002946	
0.003245	
0.003627	
0.001059	
0.003827	
0.003492	
0.002567	
0.002073	
0.001145	
0.001899	
0.008522	
0.005707	
0.003246	
0.000845	
0.003434	
0.002171	
0.000611	
0.001027	
0.002381	
0.003091	
0.002671	
0.002584	
0.001394	
0.002135	
0.003284	
0.003260	
0.002807	
0.002785	
0.004657	
0.003124	
0.003278	
0.001286	
0.003161	
0.005782	
0.001543	
0.003140	
0.003995	
0.001354	
0.001674	
0.004260	
0.003852	
0.001699	
0.002733	
0.003762	
0.002219	
0.002016	
0.001574	
0.000924	
0.001273	
0.002857	
0.002615	
0.003813	
0.002614	
0.002674	
0.002417	
0.003200	
0.001828	
0.002395	
0.002335	
0.004442	
0.003352	
0.004976	
0.003593	
0.005292	
0.001697	
0.002654	
0.003028	
0.002713	
0.007728	
0.001875	
0.002871	
0.003915	
0.003910	
0.003741	
0.004971	
0.003387	
0.004598	
0.006336	
0.002530	
0.007410	
0.004174	
0.001601	
0.001758	
0.003606	
0.003629	
0.002984	
0.002503	
0.004213	
0.002857	
0.001434	
0.002294	
0.003924	
0.002461	
0.004656	
0.002967	
0.002375	
0.003753	
0.002529	
0.003935	
0.002293	
0.001632	
0.001026	
0.001749	
0.001708	
0.003912	
0.003342	
0.003257	
0.002282	
0.006639	
0.002200	
0.003535	
0.000288	
0.001556	
0.001978	
0.002851	
0.003282	
0.003725	
0.001987	
0.003283	
0.001277	
0.004595	
0.002432	
0.003652	
0.004506	
0.001826	
0.002831	
0.001698	
0.004643	
0.005003	
0.001167	
0.003035	
0.001675	
0.006087	
0.002454	
0.003080	
0.002719	
0.002694	
0.002154	
0.005413	
0.000878	
0.000587	
0.001803	
0.001900	
0.001733	
0.002739	
0.001377	
0.003424	
0.001490	
