0.001996	
0.004931	
0.003826	
0.002392	
0.003242	
0.002316	
0.002547	
0.001763	
0.003573	
0.001796	
0.002126	
0.001956	
0.003990	
0.002541	
0.000716	
0.002562	
0.002387	
0.002987	
0.003429	
0.003587	
0.002268	
0.001640	
0.002705	
0.003606	
0.003266	
0.001918	
0.004096	
0.004806	
0.005028	
0.004764	
0.002194	
0.003865	
0.002475	
0.002503	
0.003965	
0.002800	
0.004828	
0.003023	
0.001322	
0.001726	
0.003905	
0.002390	
0.001943	
0.002271	
0.002533	
0.002591	
0.002417	
0.003788	
0.001415	
0.005333	
0.004382	
0.003577	
0.001380	
0.001951	
0.003170	
0.002949	
0.000875	
0.001134	
0.002010	
0.002152	
0.002574	
0.003311	
0.003548	
0.001569	
0.001836	
0.004641	
0.003101	
0.003114	
0.002969	
0.002187	
0.001737	
0.001943	
0.001879	
0.001966	
0.003983	
0.001882	
0.002138	
0.002505	
0.003613	
0.002275	
0.002250	
0.001467	
0.000979	
0.002972	
0.002111	
0.005100	
0.002739	
0.002544	
0.001960	
0.002442	
0.002601	
0.003436	
0.004561	
0.002829	
0.002125	
0.002243	
0.003360	
0.001987	
0.002767	
0.003240	
0.002491	
0.002165	
0.004501	
0.002218	
0.001855	
0.002715	
0.002988	
0.002515	
0.001982	
0.003344	
0.002544	
0.002279	
0.002495	
0.001701	
0.004341	
0.002724	
0.003385	
0.001988	
0.004251	
0.003177	
0.002824	
0.002279	
0.002203	
0.002623	
0.001507	
0.003336	
0.002897	
0.002093	
0.001701	
0.004457	
0.002921	
0.002297	
0.003943	
0.003774	
0.003374	
0.003434	
0.002607	
0.000943	
0.005012	
0.002271	
0.002042	
0.002471	
0.001061	
0.002107	
0.002447	
0.002624	
0.002724	
0.002791	
0.001976	
0.002080	
0.002516	
0.003524	
0.002217	
0.004966	
0.002069	
0.003955	
0.001586	
0.002188	
0.002696	
0.003945	
0.002638	
0.002495	
0.004562	
0.001330	
0.004194	
0.002184	
0.004231	
0.001379	
0.002416	
0.001514	
0.000805	
0.002785	
0.003072	
0.002253	
0.002402	
0.004459	
0.002623	
0.001775	
0.002205	
0.002161	
0.003105	
0.001932	
0.001680	
0.002845	
0.002743	
0.001691	
0.005817	
0.001277	
0.002089	
0.001317	
0.002316	
0.002397	
0.004256	
0.003588	
0.001361	
0.003409	
0.003162	
0.002334	
0.002969	
0.003252	
0.002279	
0.002124	
0.003120	
0.004205	
0.002666	
0.002496	
0.002410	
0.002006	
0.003014	
0.003081	
0.003576	
0.001575	
0.003546	
0.003465	
0.002730	
0.002693	
0.001540	
0.002158	
0.008103	
0.005482	
0.002517	
0.001287	
0.002432	
0.002013	
0.001279	
0.001263	
0.002243	
0.003209	
0.002160	
0.002784	
0.002184	
0.002802	
0.003703	
0.003267	
0.003218	
0.003193	
0.003420	
0.002863	
0.002606	
0.001521	
0.002933	
0.006323	
0.002083	
0.003457	
0.003650	
0.001572	
0.001845	
0.004475	
0.003277	
0.002014	
0.002607	
0.003411	
0.002563	
0.002276	
0.001843	
0.001231	
0.001374	
0.002873	
0.002441	
0.003559	
0.002701	
0.002864	
0.002379	
0.002860	
0.002173	
0.002334	
0.002518	
0.003428	
0.003441	
0.004043	
0.003081	
0.004503	
0.001573	
0.003032	
0.002943	
0.003049	
0.006954	
0.001837	
0.002574	
0.003575	
0.002928	
0.003717	
0.004360	
0.003239	
0.004499	
0.004895	
0.002723	
0.006442	
0.003995	
0.001808	
0.002090	
0.003666	
0.003278	
0.003113	
0.002278	
0.003943	
0.002974	
0.001752	
0.002443	
0.003872	
0.002770	
0.003788	
0.002897	
0.002213	
0.004107	
0.002734	
0.004426	
0.002574	
0.001961	
0.001434	
0.002331	
0.001878	
0.003698	
0.003361	
0.002840	
0.002421	
0.005804	
0.002847	
0.003991	
0.000796	
0.002083	
0.002100	
0.003049	
0.003349	
0.003949	
0.001935	
0.003104	
0.001399	
0.004208	
0.002345	
0.003297	
0.004141	
0.002466	
0.002856	
0.002017	
0.004610	
0.004545	
0.001405	
0.003157	
0.002000	
0.004771	
0.002710	
0.003187	
0.002586	
0.002743	
0.002430	
0.004808	
0.000965	
0.000922	
0.002194	
0.002055	
0.001635	
0.002714	
0.001376	
0.003295	
0.001527	
