0.001853	
0.005268	
0.004148	
0.002530	
0.003163	
0.002229	
0.002623	
0.001626	
0.003506	
0.001550	
0.001943	
0.001956	
0.004099	
0.002452	
0.000701	
0.002442	
0.002374	
0.003467	
0.003068	
0.003827	
0.002301	
0.001128	
0.001209	
0.003892	
0.003703	
0.001923	
0.004052	
0.004656	
0.005496	
0.005003	
0.002130	
0.003726	
0.002353	
0.002492	
0.004070	
0.002662	
0.004563	
0.003045	
0.001010	
0.001859	
0.003940	
0.002494	
0.002102	
0.002119	
0.002461	
0.002513	
0.002663	
0.003927	
0.001432	
0.005450	
0.004443	
0.003557	
0.001356	
0.001624	
0.003634	
0.002882	
0.001033	
0.000890	
0.001952	
0.002174	
0.002530	
0.003264	
0.003495	
0.001658	
0.001681	
0.004931	
0.003050	
0.003222	
0.003181	
0.001865	
0.001635	
0.001781	
0.001868	
0.001900	
0.004143	
0.001622	
0.001957	
0.002712	
0.003717	
0.002447	
0.002141	
0.001201	
0.000784	
0.003115	
0.001906	
0.005413	
0.002691	
0.002749	
0.001785	
0.002420	
0.002822	
0.003403	
0.004666	
0.002755	
0.002376	
0.002503	
0.003238	
0.001834	
0.002478	
0.003390	
0.002349	
0.002033	
0.004758	
0.002318	
0.001022	
0.002639	
0.002946	
0.002516	
0.001765	
0.003194	
0.002361	
0.002264	
0.002715	
0.001612	
0.004352	
0.002763	
0.003584	
0.001849	
0.004622	
0.003241	
0.002778	
0.002167	
0.002059	
0.002599	
0.001616	
0.003407	
0.002567	
0.002156	
0.001702	
0.004729	
0.002828	
0.002375	
0.004271	
0.003890	
0.003456	
0.003367	
0.002668	
0.000665	
0.005626	
0.002097	
0.001830	
0.002362	
0.001269	
0.002357	
0.002534	
0.002709	
0.002705	
0.002803	
0.002141	
0.001933	
0.002564	
0.003806	
0.002255	
0.005289	
0.001972	
0.003901	
0.001453	
0.002502	
0.002541	
0.004000	
0.002722	
0.002343	
0.004785	
0.001250	
0.003956	
0.002054	
0.004439	
0.001116	
0.002400	
0.001485	
0.000626	
0.002562	
0.003107	
0.001994	
0.002665	
0.004689	
0.002450	
0.001541	
0.002428	
0.002198	
0.003640	
0.001701	
0.001823	
0.002661	
0.002377	
0.001549	
0.006212	
0.001167	
0.002291	
0.001662	
0.002289	
0.002339	
0.004568	
0.003635	
0.001345	
0.003290	
0.003422	
0.002090	
0.002884	
0.003137	
0.002236	
0.002798	
0.002936	
0.004232	
0.002717	
0.002193	
0.001982	
0.001820	
0.002781	
0.003300	
0.003745	
0.001445	
0.003432	
0.003543	
0.002589	
0.002505	
0.001374	
0.002005	
0.008526	
0.005541	
0.002957	
0.001143	
0.002639	
0.002282	
0.000986	
0.000988	
0.002378	
0.003158	
0.002350	
0.002663	
0.001132	
0.002472	
0.003462	
0.003401	
0.002877	
0.003060	
0.003685	
0.002846	
0.002768	
0.001579	
0.002775	
0.005488	
0.001863	
0.003181	
0.003381	
0.001419	
0.001814	
0.004493	
0.003302	
0.001744	
0.002677	
0.003597	
0.002406	
0.002232	
0.001714	
0.001181	
0.001213	
0.002829	
0.002390	
0.003628	
0.002732	
0.002618	
0.002541	
0.002832	
0.001942	
0.002407	
0.002394	
0.004269	
0.003415	
0.004358	
0.003223	
0.004407	
0.001539	
0.003276	
0.002986	
0.002866	
0.007601	
0.001898	
0.003001	
0.003739	
0.003210	
0.003658	
0.004536	
0.003332	
0.004545	
0.004939	
0.002603	
0.006862	
0.004199	
0.001926	
0.002235	
0.003726	
0.003677	
0.002865	
0.002306	
0.004061	
0.003112	
0.001676	
0.002300	
0.003849	
0.002655	
0.004359	
0.002913	
0.002331	
0.003970	
0.002636	
0.004916	
0.002516	
0.001599	
0.001152	
0.001999	
0.001953	
0.003675	
0.003368	
0.003002	
0.002349	
0.006171	
0.002387	
0.003881	
0.000801	
0.001717	
0.002231	
0.003037	
0.003607	
0.003945	
0.001952	
0.003216	
0.001295	
0.004125	
0.002430	
0.003604	
0.004476	
0.002236	
0.002843	
0.001854	
0.005054	
0.004718	
0.001205	
0.003106	
0.002196	
0.005539	
0.002515	
0.003136	
0.002811	
0.002703	
0.002209	
0.005407	
0.000851	
0.000723	
0.001994	
0.001823	
0.001493	
0.002696	
0.001373	
0.003363	
0.001554	
