0.001795	
0.005328	
0.004207	
0.002499	
0.003129	
0.002372	
0.002699	
0.001665	
0.003565	
0.001453	
0.001886	
0.002022	
0.004194	
0.002416	
0.000634	
0.002405	
0.002397	
0.003402	
0.003137	
0.003659	
0.002249	
0.001234	
0.001439	
0.003926	
0.003787	
0.001800	
0.004062	
0.004440	
0.005370	
0.004981	
0.002138	
0.003748	
0.002544	
0.002488	
0.004097	
0.002648	
0.004541	
0.002991	
0.001007	
0.001893	
0.003915	
0.002490	
0.002041	
0.002038	
0.002532	
0.002429	
0.002776	
0.004151	
0.001404	
0.005393	
0.004519	
0.003623	
0.001345	
0.001634	
0.003835	
0.002899	
0.000964	
0.000909	
0.001920	
0.002212	
0.002619	
0.003227	
0.003495	
0.001547	
0.001611	
0.004909	
0.003011	
0.003122	
0.003250	
0.001758	
0.001592	
0.001705	
0.001924	
0.001846	
0.004200	
0.001546	
0.001949	
0.002780	
0.003737	
0.002641	
0.002090	
0.001148	
0.000769	
0.003226	
0.001906	
0.005420	
0.002605	
0.002671	
0.001889	
0.002353	
0.002783	
0.003390	
0.004582	
0.002676	
0.002291	
0.002584	
0.003254	
0.001944	
0.002409	
0.003305	
0.002273	
0.002001	
0.004811	
0.002520	
0.001032	
0.002543	
0.002846	
0.002515	
0.001667	
0.003166	
0.002314	
0.002242	
0.002728	
0.001711	
0.004495	
0.002736	
0.003648	
0.001766	
0.004631	
0.003206	
0.002922	
0.002160	
0.002085	
0.002613	
0.001614	
0.003423	
0.003055	
0.002166	
0.001674	
0.004676	
0.002801	
0.002356	
0.004174	
0.004024	
0.003579	
0.003335	
0.002624	
0.000670	
0.005661	
0.002036	
0.001931	
0.002387	
0.001303	
0.002385	
0.002557	
0.002760	
0.002745	
0.002761	
0.002093	
0.001874	
0.002709	
0.003676	
0.002241	
0.005214	
0.001958	
0.004130	
0.001474	
0.002403	
0.002491	
0.003983	
0.002754	
0.002286	
0.004905	
0.001255	
0.003860	
0.002009	
0.004475	
0.001195	
0.002371	
0.001531	
0.000535	
0.002633	
0.003093	
0.002011	
0.002662	
0.004735	
0.002488	
0.001517	
0.002372	
0.002170	
0.003626	
0.001637	
0.001832	
0.002598	
0.002456	
0.001471	
0.006311	
0.001125	
0.002216	
0.001685	
0.002308	
0.002353	
0.004482	
0.003583	
0.001298	
0.003202	
0.003482	
0.002033	
0.002882	
0.003215	
0.002161	
0.002798	
0.002849	
0.004209	
0.002778	
0.002083	
0.002109	
0.001762	
0.002925	
0.003366	
0.003743	
0.001395	
0.003419	
0.003496	
0.002538	
0.002434	
0.001373	
0.002039	
0.008428	
0.005458	
0.002995	
0.001102	
0.002838	
0.002283	
0.000945	
0.000925	
0.002321	
0.003154	
0.002589	
0.002610	
0.001469	
0.002579	
0.003540	
0.003318	
0.002790	
0.003004	
0.003846	
0.002933	
0.002842	
0.001573	
0.002834	
0.005602	
0.001806	
0.003123	
0.003411	
0.001383	
0.001834	
0.004454	
0.003406	
0.001763	
0.002657	
0.003597	
0.002354	
0.002199	
0.001680	
0.001099	
0.001231	
0.002733	
0.002430	
0.003589	
0.002740	
0.002574	
0.002515	
0.002821	
0.001862	
0.002474	
0.002338	
0.004235	
0.003338	
0.004352	
0.003299	
0.004537	
0.001556	
0.003144	
0.002990	
0.002830	
0.007580	
0.001885	
0.003028	
0.003757	
0.003315	
0.003651	
0.004611	
0.003382	
0.004500	
0.005205	
0.002530	
0.006887	
0.004131	
0.001839	
0.002195	
0.003742	
0.003672	
0.002873	
0.002341	
0.004063	
0.003076	
0.001643	
0.002238	
0.003807	
0.002676	
0.004336	
0.002920	
0.002344	
0.003969	
0.002641	
0.005075	
0.002445	
0.001599	
0.001120	
0.002013	
0.001954	
0.003627	
0.003291	
0.003019	
0.002268	
0.006197	
0.002343	
0.003752	
0.000773	
0.001787	
0.002271	
0.003006	
0.003527	
0.003939	
0.001955	
0.003247	
0.001253	
0.004434	
0.002398	
0.003504	
0.004396	
0.002200	
0.002862	
0.001730	
0.005003	
0.004699	
0.001183	
0.003123	
0.002086	
0.005601	
0.002446	
0.003121	
0.002789	
0.002747	
0.002122	
0.005321	
0.000834	
0.000755	
0.001907	
0.001910	
0.001549	
0.002608	
0.001346	
0.003407	
0.001544	
