0.002228	
0.005015	
0.003467	
0.002469	
0.003580	
0.002541	
0.002365	
0.001927	
0.004008	
0.001948	
0.002156	
0.001795	
0.004074	
0.002545	
0.000832	
0.002464	
0.002527	
0.002916	
0.003709	
0.003347	
0.002496	
0.002277	
0.003242	
0.003717	
0.003287	
0.001887	
0.004058	
0.004796	
0.005008	
0.004825	
0.002329	
0.003809	
0.002313	
0.002536	
0.004033	
0.002790	
0.004879	
0.002898	
0.001591	
0.002006	
0.003393	
0.002909	
0.002404	
0.002426	
0.002930	
0.002672	
0.002432	
0.003548	
0.001617	
0.005100	
0.004282	
0.003362	
0.001382	
0.002019	
0.003406	
0.002703	
0.001331	
0.001142	
0.001934	
0.001797	
0.002925	
0.003275	
0.003512	
0.001844	
0.002283	
0.004304	
0.002834	
0.003090	
0.003177	
0.002095	
0.001694	
0.001898	
0.002276	
0.001993	
0.004009	
0.001955	
0.002316	
0.002626	
0.003578	
0.002449	
0.002221	
0.001267	
0.001120	
0.003330	
0.002312	
0.004922	
0.002784	
0.002181	
0.002061	
0.002420	
0.002957	
0.003300	
0.004560	
0.002784	
0.002125	
0.002150	
0.003150	
0.002171	
0.002680	
0.003335	
0.002554	
0.002160	
0.003915	
0.002189	
0.002415	
0.002879	
0.002942	
0.002447	
0.002043	
0.003024	
0.002496	
0.002444	
0.002687	
0.001816	
0.004179	
0.002666	
0.003139	
0.002049	
0.003757	
0.003105	
0.002867	
0.002284	
0.002283	
0.002633	
0.001520	
0.003266	
0.002967	
0.002275	
0.001745	
0.004104	
0.002919	
0.002535	
0.003225	
0.003414	
0.003765	
0.003063	
0.002746	
0.000651	
0.004614	
0.001962	
0.002283	
0.002240	
0.001237	
0.002392	
0.002395	
0.002465	
0.002629	
0.002783	
0.002209	
0.002177	
0.002327	
0.003585	
0.002054	
0.004606	
0.002205	
0.003715	
0.001944	
0.002223	
0.002477	
0.003499	
0.002656	
0.002373	
0.004523	
0.001284	
0.004185	
0.002193	
0.004156	
0.001631	
0.002592	
0.001690	
0.000709	
0.002774	
0.003084	
0.002430	
0.002485	
0.004352	
0.002421	
0.001845	
0.002214	
0.002436	
0.002949	
0.001681	
0.001992	
0.002335	
0.002882	
0.001568	
0.005565	
0.001358	
0.001737	
0.001508	
0.002369	
0.002207	
0.004181	
0.003414	
0.001407	
0.003379	
0.003434	
0.002346	
0.002778	
0.003785	
0.002501	
0.001712	
0.002997	
0.003726	
0.002982	
0.002436	
0.001676	
0.002238	
0.003284	
0.002653	
0.003625	
0.001483	
0.003604	
0.003427	
0.002572	
0.002652	
0.001718	
0.002300	
0.007540	
0.005082	
0.002316	
0.001195	
0.002490	
0.002426	
0.001617	
0.001470	
0.002432	
0.003404	
0.003099	
0.002866	
0.001941	
0.002429	
0.003567	
0.003095	
0.003772	
0.003282	
0.003244	
0.003051	
0.002997	
0.001774	
0.002866	
0.007062	
0.001533	
0.003121	
0.003628	
0.001393	
0.001964	
0.003922	
0.003062	
0.002045	
0.002638	
0.003388	
0.002373	
0.002331	
0.001836	
0.001265	
0.001411	
0.003071	
0.002702	
0.003677	
0.002793	
0.002917	
0.002667	
0.002788	
0.002228	
0.002326	
0.002424	
0.003219	
0.003184	
0.004007	
0.003231	
0.004158	
0.001639	
0.003350	
0.002967	
0.002717	
0.006402	
0.002247	
0.002785	
0.003723	
0.002736	
0.003648	
0.004514	
0.003403	
0.004245	
0.003973	
0.002780	
0.006279	
0.003761	
0.002117	
0.001978	
0.003674	
0.003733	
0.002616	
0.002021	
0.003574	
0.002825	
0.002099	
0.002350	
0.003406	
0.002854	
0.003259	
0.002869	
0.002392	
0.004090	
0.002847	
0.004597	
0.002711	
0.001967	
0.001270	
0.002063	
0.001705	
0.003333	
0.003300	
0.002969	
0.002441	
0.005124	
0.002727	
0.004634	
0.000978	
0.002307	
0.002310	
0.002969	
0.002928	
0.004040	
0.002261	
0.003136	
0.001448	
0.004502	
0.002417	
0.003231	
0.004272	
0.002413	
0.002646	
0.002171	
0.004677	
0.004177	
0.001288	
0.003152	
0.001840	
0.005076	
0.002669	
0.002954	
0.002595	
0.002503	
0.002514	
0.004598	
0.001204	
0.001083	
0.002269	
0.002291	
0.001580	
0.002634	
0.001508	
0.003299	
0.001894	
