0.000011	
0.000000	
0.000151	
0.000000	
0.000000	
0.000035	
0.000000	
0.013037	
0.000022	
0.000000	
0.001829	
0.000000	
0.000000	
0.000000	
0.021368	
0.000000	
0.002172	
0.000289	
0.107736	
0.000224	
0.051764	
0.000000	
0.000195	
0.000000	
0.080167	
0.027929	
0.000000	
0.000608	
0.000087	
0.009281	
0.000000	
0.082918	
0.000000	
0.023256	
0.000529	
0.000000	
0.000000	
0.000000	
0.000000	
0.000000	
0.000000	
0.000000	
0.000000	
0.000000	
0.000244	
0.000000	
0.000917	
0.000000	
0.032986	
0.048148	
0.002292	
0.000000	
0.000000	
0.000000	
0.000222	
0.000142	
0.000293	
0.000000	
0.000075	
0.000344	
0.080018	
0.000000	
0.106958	
0.000000	
0.020695	
0.098309	
0.000000	
0.000000	
0.002767	
-0.000000	
0.031618	
0.000000	
0.001997	
0.001041	
0.000000	
0.000058	
0.000045	
0.000000	
0.000666	
0.000000	
0.004940	
0.000000	
0.000377	
0.000000	
0.000195	
0.000029	
0.000000	
0.000000	
0.000250	
0.000000	
0.000517	
0.010103	
0.000035	
0.000000	
0.086813	
0.043293	
0.000000	
0.000000	
