0.000000	
0.000204	
0.000268	
0.000000	
0.000000	
0.000000	
0.000000	
0.005618	
0.000142	
0.000000	
0.000000	
0.000956	
0.000000	
0.000000	
0.040020	
0.000112	
0.000285	
0.000666	
0.112857	
0.000596	
0.030099	
0.000000	
0.000313	
0.000000	
0.072950	
0.031106	
0.000000	
0.010079	
0.002341	
0.009386	
0.000000	
0.039330	
0.000000	
0.025473	
0.000000	
-0.000000	
0.000000	
0.000000	
0.000118	
0.000000	
-0.000000	
0.000000	
0.000000	
0.000000	
0.000000	
0.000196	
0.006006	
0.000000	
0.019337	
0.049354	
0.002612	
0.000000	
0.000009	
0.000000	
0.000000	
0.000000	
0.002269	
0.000000	
0.000415	
0.000566	
0.088909	
0.000000	
0.105158	
0.000000	
0.000000	
0.080857	
0.000092	
0.002874	
0.002892	
0.000082	
0.045436	
0.000025	
0.000000	
0.021833	
0.000000	
0.000723	
0.000000	
0.000000	
0.000952	
0.000000	
0.032130	
0.000302	
0.000946	
0.000000	
0.000000	
0.000062	
0.000040	
0.000017	
0.000000	
0.000000	
0.008438	
0.008756	
0.000569	
0.000000	
0.079319	
0.054096	
0.001580	
0.000229	
