0.000000	
0.000000	
0.000000	
0.000000	
0.000000	
0.000065	
0.000000	
0.010823	
0.000645	
0.000000	
0.002180	
0.000000	
0.000000	
0.000000	
0.028036	
0.000000	
0.007762	
0.000000	
0.105487	
0.000000	
0.057057	
0.000000	
0.000000	
0.000000	
0.082534	
0.030201	
0.000000	
0.001511	
0.000000	
0.010832	
0.000000	
0.075374	
0.000000	
0.017225	
0.000693	
-0.000000	
0.000000	
0.000000	
0.000000	
-0.000000	
0.000000	
0.000032	
-0.000000	
0.000021	
0.000000	
0.000138	
0.000018	
0.000000	
0.037076	
0.050037	
0.003682	
0.000000	
0.000000	
0.000000	
0.000637	
0.000026	
0.000584	
0.000000	
0.000078	
0.000005	
0.075860	
0.000000	
0.107015	
0.000000	
0.017105	
0.095291	
0.000020	
0.000000	
0.001030	
0.000000	
0.035342	
0.000000	
0.001696	
0.001466	
-0.000000	
0.000084	
0.000003	
0.000000	
0.000598	
0.000000	
0.002749	
0.000006	
0.001362	
0.000000	
0.000438	
0.000033	
0.000000	
0.001909	
0.000689	
0.000000	
0.000072	
0.013142	
0.000677	
0.000000	
0.076443	
0.044209	
0.000000	
0.000000	
