0.000000	
0.000000	
0.007853	
0.000000	
0.000440	
0.000000	
0.000000	
0.000000	
0.000257	
0.000000	
0.000056	
0.000000	
0.026453	
0.000000	
0.000000	
0.000000	
0.000000	
0.001169	
0.268577	
0.000000	
0.054815	
0.000000	
0.000052	
0.000000	
0.006885	
0.000000	
0.000000	
0.000000	
0.000000	
0.018118	
0.000000	
0.000000	
0.000000	
0.078052	
0.000000	
0.000000	
0.000000	
0.000000	
0.000000	
0.000000	
0.000001	
0.000276	
0.000000	
-0.000000	
0.030455	
0.000051	
0.000000	
0.000000	
0.062951	
0.142286	
0.000000	
0.000000	
0.000000	
0.116362	
0.000000	
0.000000	
0.000247	
0.000000	
0.000000	
0.011883	
0.000000	
-0.000000	
0.000789	
0.000000	
0.000000	
0.006097	
0.000000	
0.090030	
0.000000	
0.000000	
0.057009	
0.000000	
0.004691	
0.001188	
0.000000	
0.000000	
0.000000	
0.000000	
0.000305	
0.002419	
0.000000	
0.000000	
0.000000	
0.000000	
0.000000	
0.000000	
0.000000	
0.000453	
0.000000	
0.000000	
0.000000	
0.000000	
0.000000	
0.000000	
0.000000	
0.009777	
0.000000	
0.000000	
