0.000000	
0.000000	
0.000000	
0.000000	
0.000000	
0.000000	
0.000000	
0.000672	
0.000041	
0.000000	
0.000986	
0.000122	
0.000000	
0.000000	
0.000000	
-0.000000	
0.000000	
0.000086	
0.222479	
0.000000	
0.001781	
0.000000	
0.000009	
0.000000	
0.017119	
0.000000	
0.000000	
0.000000	
0.000000	
0.000000	
0.000000	
0.106913	
0.000028	
0.032820	
0.000000	
0.000000	
0.000000	
0.000000	
0.000000	
0.000000	
0.000056	
0.019034	
0.057542	
0.000000	
0.000000	
0.000000	
0.000000	
0.000000	
0.039988	
0.075169	
0.000083	
0.000000	
0.018360	
0.079948	
0.000000	
0.000000	
0.000008	
0.000000	
0.000000	
0.000154	
0.000223	
0.000000	
0.031693	
0.000000	
0.000000	
0.141818	
0.000000	
0.043693	
0.000000	
0.000000	
0.020975	
0.000000	
0.055153	
0.001268	
0.000000	
0.000000	
0.000000	
0.000000	
0.000054	
0.000000	
0.000000	
0.000000	
0.000000	
0.000000	
0.000006	
0.000000	
0.000000	
0.000000	
0.000000	
0.000000	
0.000000	
0.000000	
0.000000	
0.000000	
0.000000	
0.031720	
0.000000	
0.000000	
