0.000000	
0.000000	
0.002223	
0.000164	
0.000000	
-0.000000	
0.000000	
0.000000	
0.000000	
0.008834	
0.001038	
0.000164	
0.001132	
0.000000	
0.002048	
0.000000	
0.000000	
0.000000	
0.310949	
0.000000	
0.003467	
0.000966	
0.000000	
0.000050	
0.000402	
-0.000000	
0.000000	
0.000069	
0.000028	
0.000000	
0.000000	
0.000297	
0.000000	
0.048552	
0.000794	
0.013447	
-0.000000	
0.000000	
0.000000	
-0.000000	
0.000000	
0.000000	
0.000000	
0.000000	
0.060109	
0.018407	
0.002315	
0.000000	
0.000000	
0.084838	
-0.000000	
0.000000	
0.000080	
0.090464	
0.000000	
0.000000	
0.012622	
0.000000	
0.000000	
0.016454	
0.000000	
0.000000	
0.011848	
0.002017	
0.000000	
0.079359	
0.000000	
0.122059	
0.000000	
0.000000	
0.046662	
0.000000	
0.017961	
0.029181	
0.002768	
0.000000	
0.000000	
0.000000	
0.000697	
0.000000	
0.000000	
0.000000	
0.000000	
0.000000	
0.002115	
0.000000	
0.000000	
0.003554	
0.000000	
0.000000	
0.000000	
0.000000	
0.001754	
0.000112	
0.000000	
0.000000	
0.000000	
0.000000	
