0.000000	
-0.000000	
0.000000	
0.000000	
0.000000	
0.000000	
0.000000	
0.002076	
0.000058	
0.000000	
0.005218	
-0.000000	
0.000000	
0.000000	
0.001759	
0.000000	
0.000000	
0.005755	
0.219497	
0.000000	
0.000239	
0.000000	
0.000000	
0.000000	
0.047712	
0.000000	
0.000000	
0.007306	
0.000000	
-0.000000	
0.000000	
0.105514	
0.008575	
0.036647	
0.000000	
0.000000	
0.000000	
0.000000	
0.000000	
0.000000	
0.000000	
0.000194	
0.060617	
0.000000	
0.000000	
0.000253	
0.000000	
0.000000	
0.082680	
0.070327	
0.000000	
0.000000	
0.000000	
0.056948	
0.000000	
0.000000	
0.000000	
0.000000	
0.000000	
0.000000	
0.000651	
0.000000	
0.060842	
0.000000	
0.000000	
0.115135	
0.000000	
0.024145	
0.000000	
0.000000	
0.032372	
0.000000	
0.014543	
0.001876	
0.000000	
0.000067	
0.000000	
0.000000	
0.000140	
0.000000	
0.000000	
0.000000	
0.000000	
-0.000000	
0.000000	
-0.000000	
0.000000	
0.000215	
0.000000	
0.000000	
0.000000	
0.000000	
0.000000	
0.000000	
0.000000	
0.038638	
0.000000	
-0.000000	
