0.000000	
0.000000	
0.000000	
0.002146	
0.000955	
0.000000	
0.000000	
0.000150	
0.014217	
0.000000	
0.000000	
0.000043	
0.005167	
0.000000	
0.000000	
0.000000	
0.000071	
0.013557	
0.154904	
0.001859	
0.025036	
0.000000	
0.000982	
0.000000	
0.023282	
0.000000	
0.000000	
0.000000	
0.000000	
0.015901	
0.000000	
0.092951	
0.022932	
0.019898	
0.001520	
0.000278	
0.000000	
0.000000	
0.000000	
0.000000	
0.000815	
0.007050	
0.000000	
0.000000	
0.002604	
0.000000	
0.000134	
0.000000	
0.000000	
0.071988	
0.009232	
0.000000	
0.000000	
0.012442	
0.003076	
0.000000	
0.001239	
0.000000	
0.000000	
0.000000	
0.108963	
0.000000	
0.022355	
0.000000	
0.000000	
0.116261	
0.000000	
0.064822	
0.000000	
0.000000	
0.054102	
0.000000	
0.029297	
0.000226	
0.000049	
0.007655	
0.000002	
0.000017	
0.000133	
0.002875	
0.000000	
0.000000	
0.000000	
0.000000	
0.000219	
0.014061	
0.000000	
0.000161	
0.000896	
0.000000	
0.000309	
0.000000	
0.000000	
0.000000	
0.027749	
0.045423	
0.000000	
0.000000	
