-0.000000	
-0.000000	
-0.000000	
0.000000	
0.000000	
-0.000000	
0.000000	
0.000000	
-0.000000	
0.000000	
0.000000	
-0.000000	
-0.000000	
0.000000	
0.000000	
0.593891	
0.000000	
-0.000000	
-0.000000	
0.000000	
0.000000	
0.000000	
0.000000	
-0.000000	
-0.000000	
0.000000	
0.000000	
0.000000	
0.186746	
-0.000000	
0.000000	
0.000000	
0.000000	
0.077122	
0.000000	
-0.000000	
0.000000	
0.000000	
0.000000	
-0.000000	
-0.000000	
-0.000000	
0.000000	
-0.000000	
0.000000	
0.000000	
0.000000	
-0.000000	
0.142241	
