0.000000	
-0.000000	
-0.000000	
0.000000	
0.000000	
-0.000000	
-0.000000	
-0.000000	
-0.000000	
0.000000	
-0.000000	
-0.000000	
0.000000	
0.000000	
0.000000	
0.599166	
-0.000000	
-0.000000	
0.000000	
-0.000000	
-0.000000	
0.000000	
-0.000000	
-0.000000	
-0.000000	
-0.000000	
-0.000000	
0.000000	
0.197489	
0.000000	
0.000000	
0.000000	
0.000000	
0.040877	
0.016907	
0.007886	
-0.000000	
0.000000	
-0.000000	
-0.000000	
-0.000000	
-0.000000	
0.000000	
-0.000000	
-0.000000	
-0.000000	
-0.000000	
-0.000000	
0.137675	
