0.000000	
0.000000	
0.000000	
-0.000000	
-0.000000	
-0.000000	
0.000000	
0.000000	
-0.000000	
-0.000000	
0.000000	
0.000000	
-0.000000	
-0.000000	
0.000000	
0.600982	
-0.000000	
-0.000000	
-0.000000	
0.000000	
0.000000	
-0.000000	
-0.000000	
-0.000000	
-0.000000	
-0.000000	
-0.000000	
-0.000000	
0.200464	
-0.000000	
-0.000000	
-0.000000	
-0.000000	
0.037754	
0.024051	
0.000000	
-0.000000	
0.000000	
0.000000	
-0.000000	
-0.000000	
-0.000000	
0.000000	
-0.000000	
-0.000000	
-0.000000	
-0.000000	
-0.000000	
0.136749	
