-0.000000	
-0.000000	
0.000000	
-0.000000	
0.000000	
-0.000000	
0.000000	
0.000000	
-0.000000	
-0.000000	
0.000000	
-0.000000	
-0.000000	
0.000000	
0.000000	
0.590566	
-0.000000	
-0.000000	
-0.000000	
-0.000000	
0.000000	
0.000000	
-0.000000	
-0.000000	
-0.000000	
-0.000000	
-0.000000	
-0.000000	
0.207978	
-0.000000	
0.000000	
-0.000000	
-0.000000	
-0.000000	
0.023765	
0.037021	
-0.000000	
-0.000000	
-0.000000	
-0.000000	
0.000000	
-0.000000	
-0.000000	
-0.000000	
-0.000000	
-0.000000	
-0.000000	
-0.000000	
0.140670	
