0.018715	
0.000000	
0.179011	
0.004479	
0.000000	
0.000000	
0.193729	
0.000000	
0.000000	
0.000000	
-0.000000	
0.275483	
0.000000	
0.000000	
0.040299	
0.000000	
0.000000	
0.000000	
0.069455	
-0.000000	
0.000000	
0.000000	
-0.000000	
0.126724	
0.000000	
0.000000	
-0.000000	
0.000000	
-0.000000	
-0.000000	
0.000000	
-0.000000	
-0.000000	
0.072239	
0.000000	
-0.000000	
-0.000000	
0.000000	
0.000000	
0.000000	
-0.000000	
-0.000000	
-0.000000	
0.000000	
0.000000	
0.019866	
-0.000000	
0.000000	
-0.000000	
-0.000000	
0.000000	
0.000000	
-0.000000	
0.000000	
-0.000000	
-0.000000	
