0.059335	
0.000000	
0.170031	
0.004441	
0.000000	
0.000000	
0.198976	
0.000000	
0.000000	
0.000000	
0.000000	
0.277287	
0.000000	
0.000000	
0.042481	
0.000000	
0.000000	
0.000000	
0.070330	
-0.000000	
0.000000	
0.000000	
0.000000	
0.120783	
0.000000	
-0.000000	
0.000000	
0.000000	
0.000000	
0.000000	
-0.000000	
0.000000	
0.000000	
0.051856	
0.000000	
0.000000	
0.000000	
0.000000	
0.000000	
0.000000	
-0.000000	
0.000000	
0.000000	
0.000000	
0.000000	
0.004481	
0.000000	
-0.000000	
0.000000	
0.000000	
0.000000	
0.000000	
0.000000	
0.000000	
0.000000	
0.000000	
