0.000000	
0.000000	
0.172665	
0.000000	
0.000000	
0.000000	
0.211532	
0.000000	
0.000000	
0.000000	
0.000000	
0.279870	
0.000000	
0.000000	
0.054727	
0.000000	
0.000000	
0.000000	
0.068670	
-0.000000	
0.000000	
0.000000	
0.000000	
0.167576	
0.000000	
0.000000	
0.000000	
0.000000	
0.000000	
0.000000	
0.000000	
0.000000	
0.000000	
0.015765	
0.000000	
0.000000	
0.000000	
0.000000	
0.000000	
0.000000	
0.000000	
0.000000	
0.000000	
0.000000	
0.000000	
0.029194	
0.000000	
0.000000	
0.000000	
0.000000	
0.000000	
0.000000	
0.000000	
0.000000	
0.000000	
0.000000	
