0.044188	
0.000000	
0.145802	
0.015457	
0.000000	
0.000000	
0.175923	
0.000000	
0.000000	
0.000000	
0.000000	
0.283503	
0.000000	
0.000000	
0.001818	
0.000000	
0.000000	
0.104050	
0.053216	
0.000000	
0.000000	
0.000000	
0.000000	
0.085951	
0.000000	
0.000000	
0.000000	
0.000000	
0.000000	
0.000000	
0.000000	
-0.000000	
0.000000	
0.064380	
0.000000	
0.000000	
0.000000	
0.000000	
0.000000	
0.000000	
0.000000	
0.000000	
-0.000000	
-0.000000	
0.000000	
0.025711	
0.000000	
0.000000	
0.000000	
0.000000	
0.000000	
-0.000000	
0.000000	
0.000000	
0.000000	
0.000000	
