0.066728	
0.000000	
0.144475	
0.015807	
0.000000	
0.000000	
0.181811	
0.000000	
0.000000	
0.000000	
0.000000	
0.265750	
0.000000	
0.000000	
0.031386	
0.000000	
0.000000	
0.026468	
0.062527	
0.000000	
0.000000	
0.000000	
0.000000	
0.100608	
0.000000	
0.000000	
0.000000	
0.000000	
0.000000	
0.000000	
0.000000	
0.000000	
0.000000	
0.063336	
0.000000	
0.000000	
0.000000	
0.000000	
0.000000	
-0.000000	
0.000000	
0.000000	
0.000000	
0.000000	
0.000000	
0.041103	
0.000000	
0.000000	
-0.000000	
0.000000	
0.000000	
0.000000	
0.000000	
-0.000000	
0.000000	
0.000000	
