0.062539	
0.000000	
0.153355	
0.018500	
0.000000	
0.000000	
0.180580	
0.000000	
-0.000000	
0.000000	
0.000000	
0.258784	
0.000000	
0.000000	
0.033790	
0.000000	
0.000000	
0.015425	
0.061008	
0.000000	
0.000000	
0.000000	
0.000000	
0.099131	
0.000000	
0.000000	
0.000000	
0.000000	
0.000000	
-0.000000	
-0.000000	
-0.000000	
0.000000	
0.067737	
0.000000	
0.000000	
0.000000	
0.000000	
0.000000	
0.000000	
0.000000	
0.000000	
0.000000	
0.000000	
0.000000	
0.049151	
0.000000	
0.000000	
0.000000	
0.000000	
0.000000	
0.000000	
0.000000	
0.000000	
0.000000	
0.000000	
