0.063973	
-0.000000	
0.164273	
0.008549	
-0.000000	
-0.000000	
0.183481	
-0.000000	
0.000000	
-0.000000	
0.000000	
0.256110	
0.000000	
-0.000000	
0.022026	
0.000000	
-0.000000	
0.009471	
0.064305	
0.000000	
-0.000000	
0.000000	
0.000000	
0.131304	
-0.000000	
-0.000000	
-0.000000	
0.000000	
-0.000000	
0.000000	
0.000000	
-0.000000	
-0.000000	
0.046081	
0.000000	
-0.000000	
0.000000	
-0.000000	
0.000000	
-0.000000	
-0.000000	
-0.000000	
-0.000000	
-0.000000	
0.000000	
0.050426	
-0.000000	
0.000000	
-0.000000	
0.000000	
0.000000	
-0.000000	
-0.000000	
0.000000	
0.000000	
0.000000	
