0.087758	
0.000000	
0.154124	
0.015924	
0.000000	
0.000000	
0.177685	
0.000000	
0.000000	
0.000000	
0.000000	
0.248794	
0.000000	
0.000000	
0.030776	
0.000000	
0.000000	
0.007133	
0.063843	
0.000000	
0.000000	
0.000000	
0.000000	
0.099284	
-0.000000	
0.000000	
0.000000	
0.000000	
-0.000000	
0.000000	
0.000000	
0.000000	
0.000000	
0.070361	
0.000000	
-0.000000	
0.000000	
0.000000	
0.000000	
0.000000	
0.000000	
0.000000	
0.000000	
0.000000	
0.000000	
0.044317	
0.000000	
0.000000	
0.000000	
0.000000	
0.000000	
0.000000	
-0.000000	
-0.000000	
0.000000	
0.000000	
