0.023152	
0.000000	
0.173739	
0.022401	
0.000000	
0.000000	
0.159555	
0.000000	
0.000000	
0.000000	
0.000000	
0.286131	
0.000000	
0.000000	
0.015993	
0.000000	
0.000000	
0.080565	
0.065280	
0.000000	
0.000000	
0.000000	
0.000000	
0.086625	
0.000000	
0.000000	
-0.000000	
0.000000	
0.000000	
0.000000	
0.000000	
-0.000000	
0.000000	
0.037728	
0.000000	
0.000000	
0.000000	
0.000000	
0.000000	
0.000000	
0.000000	
0.000000	
0.000000	
0.000000	
0.000000	
0.048830	
0.000000	
0.000000	
0.000000	
0.000000	
0.000000	
0.000000	
0.000000	
0.000000	
0.000000	
0.000000	
