0.121304	
0.000000	
0.095097	
0.031033	
-0.000000	
-0.000000	
0.186527	
0.000000	
0.000000	
0.000000	
0.000000	
0.255363	
0.000000	
0.000000	
0.000000	
0.000000	
-0.000000	
0.087748	
0.047929	
0.000000	
0.000000	
0.000000	
0.000000	
0.075110	
0.000000	
0.000000	
0.000000	
0.000000	
0.000000	
0.000000	
0.000000	
0.000000	
0.000000	
0.099891	
0.000000	
-0.000000	
0.000000	
0.000000	
0.000000	
0.000000	
0.000000	
0.000000	
0.000000	
0.000000	
0.000000	
0.000000	
0.000000	
0.000000	
0.000000	
0.000000	
0.000000	
0.000000	
0.000000	
0.000000	
-0.000000	
0.000000	
