0.037118	
0.000000	
0.146036	
0.015357	
0.000000	
0.000000	
0.171743	
0.000000	
0.000000	
0.000000	
0.000000	
0.284588	
0.000000	
0.000000	
0.000000	
0.000000	
0.000000	
0.111032	
0.051452	
0.000000	
0.000000	
0.000000	
0.000000	
0.086531	
0.000000	
0.000000	
0.000000	
0.000000	
0.000000	
0.000000	
0.000000	
0.000000	
0.000000	
0.065934	
0.000000	
0.000000	
0.000000	
0.000000	
0.000000	
0.000000	
0.000000	
0.000000	
0.000000	
0.000000	
-0.000000	
0.030209	
0.000000	
0.000000	
0.000000	
0.000000	
0.000000	
0.000000	
0.000000	
0.000000	
0.000000	
0.000000	
