0.062431	
0.000000	
0.090855	
0.022194	
0.000000	
0.000000	
0.185005	
0.000000	
0.000000	
0.000000	
0.000000	
0.286275	
0.000000	
0.000000	
0.000000	
0.000000	
0.000000	
0.107601	
0.041170	
0.000000	
0.000000	
0.000000	
0.000000	
0.101818	
0.000000	
0.000000	
0.000000	
0.000000	
0.000000	
0.000000	
0.000000	
0.000000	
0.000000	
0.102652	
0.000000	
0.000000	
0.000000	
0.000000	
0.000000	
0.000000	
0.000000	
0.000000	
0.000000	
0.000000	
0.000000	
0.000000	
0.000000	
0.000000	
0.000000	
0.000000	
0.000000	
0.000000	
0.000000	
0.000000	
0.000000	
0.000000	
