0.049652	
0.000000	
0.086182	
0.020311	
-0.000000	
0.000000	
0.185651	
0.000000	
0.000000	
0.000000	
0.000000	
0.294415	
0.000000	
0.000000	
0.000000	
0.000000	
0.000000	
0.113596	
0.044206	
0.000000	
0.000000	
0.000000	
0.000000	
0.093959	
0.000000	
-0.000000	
0.000000	
0.000000	
0.000000	
0.000000	
0.000000	
0.000000	
0.000000	
0.112029	
0.000000	
0.000000	
0.000000	
0.000000	
0.000000	
0.000000	
0.000000	
-0.000000	
0.000000	
0.000000	
0.000000	
0.000000	
0.000000	
0.000000	
0.000000	
0.000000	
0.000000	
0.000000	
0.000000	
0.000000	
0.000000	
0.000000	
