0.053038	
0.000000	
0.127866	
0.022510	
0.000000	
0.000000	
0.177025	
0.000000	
0.000000	
0.000000	
0.000000	
0.287634	
0.000000	
0.000000	
0.000000	
0.000000	
0.000000	
0.094842	
0.045209	
0.000000	
0.000000	
0.000000	
0.000000	
0.107679	
0.000000	
0.000000	
0.000000	
0.000000	
0.000000	
0.000000	
0.000000	
0.000000	
0.000000	
0.084197	
0.000000	
0.000000	
0.000000	
0.000000	
0.000000	
0.000000	
0.000000	
0.000000	
0.000000	
0.000000	
0.000000	
0.000000	
0.000000	
0.000000	
-0.000000	
0.000000	
0.000000	
0.000000	
0.000000	
-0.000000	
0.000000	
-0.000000	
