0.054362	
0.000000	
0.092622	
0.021298	
0.000000	
0.000000	
0.178636	
0.000000	
-0.000000	
0.000000	
-0.000000	
0.277815	
0.000000	
-0.000000	
0.000000	
0.000000	
0.000000	
0.108712	
0.045803	
0.000000	
0.000000	
0.000000	
0.000000	
0.123654	
0.000000	
0.000000	
0.000000	
0.000000	
0.000000	
0.000000	
-0.000000	
0.000000	
0.000000	
0.097098	
0.000000	
0.000000	
-0.000000	
0.000000	
0.000000	
0.000000	
0.000000	
0.000000	
0.000000	
0.000000	
0.000000	
0.000000	
0.000000	
-0.000000	
0.000000	
0.000000	
0.000000	
0.000000	
0.000000	
0.000000	
-0.000000	
0.000000	
