0.152452	
0.000000	
0.051775	
0.038552	
0.000000	
0.000000	
0.193678	
0.000000	
0.000000	
0.000000	
0.000000	
0.271114	
0.000000	
0.000000	
0.008954	
0.000000	
0.000000	
0.078817	
0.049116	
0.000000	
0.000000	
-0.000000	
0.000000	
0.038568	
0.000000	
0.000000	
0.000000	
0.000000	
0.000000	
0.000000	
0.000000	
0.000000	
0.000000	
0.111394	
-0.000000	
0.000000	
0.000000	
0.000000	
0.000000	
-0.000000	
0.000000	
-0.000000	
0.000000	
0.000000	
0.000000	
0.005580	
0.000000	
0.000000	
0.000000	
0.000000	
0.000000	
0.000000	
0.000000	
0.000000	
0.000000	
-0.000000	
