0.046854	
0.000000	
0.123591	
0.012121	
-0.000000	
0.000000	
0.176333	
0.000000	
0.000000	
0.000000	
0.000000	
0.292894	
0.000000	
0.000000	
0.006073	
0.000000	
0.000000	
0.093691	
0.051673	
0.000000	
0.000000	
0.000000	
0.000000	
0.110938	
0.000000	
0.000000	
0.000000	
0.000000	
0.000000	
0.000000	
0.000000	
0.000000	
0.000000	
0.085831	
-0.000000	
0.000000	
0.000000	
0.000000	
-0.000000	
0.000000	
0.000000	
0.000000	
0.000000	
0.000000	
0.000000	
-0.000000	
0.000000	
-0.000000	
-0.000000	
0.000000	
0.000000	
-0.000000	
0.000000	
0.000000	
0.000000	
-0.000000	
