0.048684	
0.000000	
0.118504	
0.024745	
0.000000	
0.000000	
0.168259	
0.000000	
0.000000	
0.000000	
0.000000	
0.285988	
0.000000	
0.000000	
0.003110	
0.000000	
0.000000	
0.103563	
0.044083	
0.000000	
0.000000	
-0.000000	
0.000000	
0.122640	
0.000000	
0.000000	
0.000000	
-0.000000	
0.000000	
0.000000	
-0.000000	
-0.000000	
0.000000	
0.080423	
0.000000	
0.000000	
0.000000	
0.000000	
0.000000	
0.000000	
0.000000	
0.000000	
0.000000	
-0.000000	
0.000000	
0.000000	
0.000000	
0.000000	
0.000000	
0.000000	
0.000000	
0.000000	
0.000000	
0.000000	
0.000000	
0.000000	
