0.043118	
0.000000	
0.126263	
0.022594	
0.000000	
0.000000	
0.176174	
0.000000	
0.000000	
0.000000	
0.000000	
0.284993	
0.000000	
-0.000000	
-0.000000	
0.000000	
0.000000	
0.094514	
0.045926	
0.000000	
0.000000	
0.000000	
-0.000000	
0.124994	
0.000000	
0.000000	
0.000000	
0.000000	
0.000000	
0.000000	
0.000000	
0.000000	
0.000000	
0.081423	
0.000000	
0.000000	
0.000000	
0.000000	
0.000000	
0.000000	
0.000000	
0.000000	
0.000000	
0.000000	
0.000000	
0.000000	
0.000000	
0.000000	
0.000000	
0.000000	
0.000000	
0.000000	
0.000000	
0.000000	
0.000000	
0.000000	
