0.033703	
0.000000	
0.119628	
0.024356	
0.000000	
0.000000	
0.175840	
0.000000	
0.000000	
0.000000	
0.000000	
0.293043	
0.000000	
0.000000	
0.000000	
0.000000	
0.000000	
0.088239	
0.045354	
0.000000	
0.000000	
0.000000	
0.000000	
0.126280	
0.000000	
0.000000	
0.000000	
0.000000	
0.000000	
0.000000	
0.000000	
0.000000	
0.000000	
0.091485	
0.000000	
0.000000	
0.000000	
0.000000	
0.000000	
0.000000	
0.000000	
0.000000	
0.000000	
0.000000	
0.000000	
0.002072	
0.000000	
0.000000	
0.000000	
0.000000	
0.000000	
0.000000	
0.000000	
0.000000	
0.000000	
0.000000	
