0.171152	
0.000000	
0.024288	
0.048859	
0.000000	
0.000000	
0.180116	
0.000000	
0.000000	
0.000000	
0.000000	
0.225446	
-0.000000	
0.000000	
0.015777	
0.000000	
0.000000	
0.045338	
0.052928	
0.000000	
0.000000	
0.000000	
0.000000	
0.057247	
0.000000	
0.000000	
0.000000	
0.000000	
0.000000	
0.000000	
0.000000	
0.000000	
-0.000000	
0.142987	
0.000000	
0.000000	
0.000000	
0.000000	
0.000000	
0.000000	
0.000000	
0.000000	
0.000000	
0.000000	
0.000000	
0.035861	
0.000000	
0.000000	
0.000000	
0.000000	
0.000000	
0.000000	
0.000000	
0.000000	
0.000000	
0.000000	
