0.196391	
0.000000	
0.018417	
0.048936	
0.000000	
0.000000	
0.181691	
0.000000	
0.000000	
0.000000	
0.000000	
0.217605	
0.000000	
0.000000	
0.010863	
0.000000	
0.000000	
0.052827	
0.053477	
0.000000	
0.000000	
0.000000	
0.000000	
0.057747	
0.000000	
0.000000	
0.000000	
0.000000	
0.000000	
0.000000	
0.000000	
0.000000	
0.000000	
0.133805	
0.000000	
0.000000	
0.000000	
0.000000	
0.000000	
0.000000	
0.000000	
0.000000	
0.000000	
0.000000	
0.000000	
0.028240	
0.000000	
0.000000	
0.000000	
0.000000	
0.000000	
0.000000	
0.000000	
0.000000	
0.000000	
0.000000	
