0.229834	
0.000000	
0.040392	
0.040341	
0.000000	
0.000000	
0.198921	
0.000000	
0.000000	
0.000000	
0.000000	
0.202103	
-0.000000	
0.000000	
0.006428	
0.000000	
0.000000	
0.054916	
0.050291	
0.000000	
0.000000	
0.000000	
0.000000	
0.029108	
-0.000000	
0.000000	
0.000000	
0.000000	
0.000000	
0.000000	
0.000000	
-0.000000	
0.000000	
0.128634	
0.000000	
0.000000	
0.000000	
0.000000	
0.000000	
0.000000	
0.000000	
0.000000	
0.000000	
0.000000	
0.000000	
0.019033	
0.000000	
0.000000	
0.000000	
0.000000	
0.000000	
0.000000	
0.000000	
0.000000	
0.000000	
0.000000	
