0.145125	
0.000000	
0.047928	
0.039965	
0.000000	
0.000000	
0.195110	
0.000000	
0.000000	
0.000000	
0.000000	
0.262318	
0.000000	
0.000000	
0.005413	
0.000000	
0.000000	
0.089281	
0.051427	
0.000000	
0.000000	
0.000000	
0.000000	
0.030740	
0.000000	
0.000000	
0.000000	
0.000000	
0.000000	
0.000000	
0.000000	
0.000000	
0.000000	
0.123818	
0.000000	
-0.000000	
0.000000	
0.000000	
0.000000	
0.000000	
0.000000	
0.000000	
0.000000	
0.000000	
-0.000000	
0.008875	
0.000000	
0.000000	
0.000000	
0.000000	
0.000000	
0.000000	
0.000000	
0.000000	
0.000000	
0.000000	
