0.148365	
0.000000	
0.017782	
0.047484	
0.000000	
0.000000	
0.162639	
0.000000	
0.000000	
0.000000	
0.000000	
0.196770	
-0.000000	
0.000000	
0.006303	
0.000000	
0.000000	
0.078733	
0.059401	
0.000000	
0.000000	
0.000000	
0.000000	
0.090246	
0.000000	
0.000000	
0.000000	
0.000000	
0.000000	
0.000000	
0.000000	
0.000000	
0.000000	
0.137034	
0.000000	
0.000000	
0.019944	
0.000000	
0.000000	
0.000000	
0.000000	
0.000000	
0.000000	
0.000000	
0.000000	
0.035298	
0.000000	
0.000000	
0.000000	
0.000000	
0.000000	
0.000000	
0.000000	
-0.000000	
0.000000	
0.000000	
