0.193547	
0.000000	
0.013307	
0.049240	
-0.000000	
0.000000	
0.169486	
0.000000	
0.000000	
0.000000	
0.000000	
0.205775	
0.000000	
0.000000	
0.005141	
0.000000	
0.000000	
0.070163	
0.051483	
0.000000	
0.000000	
0.000000	
0.000000	
0.064342	
0.000000	
0.000000	
0.000000	
0.000000	
0.000000	
0.000000	
0.000000	
0.000000	
-0.000000	
0.138872	
0.000000	
0.000000	
-0.000000	
0.000000	
0.000000	
0.000000	
0.000000	
0.000000	
0.000000	
0.000000	
0.000000	
0.038645	
0.000000	
0.000000	
0.000000	
0.000000	
0.000000	
0.000000	
0.000000	
0.000000	
0.000000	
0.000000	
