0.198361	
0.000000	
0.035249	
0.041700	
0.000000	
0.000000	
0.200738	
0.000000	
0.000000	
0.000000	
0.000000	
0.226186	
0.000000	
0.000000	
0.008097	
0.000000	
0.000000	
0.066021	
0.051964	
0.000000	
0.000000	
0.000000	
0.000000	
0.035809	
0.000000	
0.000000	
0.000000	
0.000000	
0.000000	
0.000000	
0.000000	
0.000000	
0.000000	
0.122077	
0.000000	
0.000000	
0.000000	
0.000000	
0.000000	
0.000000	
0.000000	
0.000000	
0.000000	
0.000000	
0.000000	
0.013799	
0.000000	
0.000000	
0.000000	
-0.000000	
0.000000	
0.000000	
0.000000	
0.000000	
0.000000	
0.000000	
