0.214595	
0.000000	
0.026595	
0.042259	
0.000000	
0.000000	
0.193712	
0.000000	
0.000000	
0.000000	
0.000000	
0.216034	
0.000000	
0.000000	
0.007412	
0.000000	
-0.000000	
0.065382	
0.049894	
0.000000	
-0.000000	
0.000000	
0.000000	
0.040883	
0.000000	
0.000000	
0.000000	
0.000000	
0.000000	
0.000000	
0.000000	
-0.000000	
-0.000000	
0.128834	
0.000000	
0.000000	
0.000000	
0.000000	
0.000000	
0.000000	
0.000000	
0.000000	
-0.000000	
0.000000	
0.000000	
0.014401	
0.000000	
0.000000	
0.000000	
0.000000	
0.000000	
0.000000	
0.000000	
0.000000	
0.000000	
0.000000	
