0.157383	
0.000000	
0.000000	
0.055463	
0.000000	
0.000000	
0.167607	
0.000000	
0.000000	
0.000000	
0.000000	
0.221899	
0.000000	
0.000000	
0.000000	
0.000000	
0.000000	
0.086187	
0.080865	
0.000000	
0.000000	
0.000000	
0.000000	
0.095156	
0.000000	
-0.000000	
0.000000	
0.000000	
0.000000	
0.000000	
0.000000	
0.000000	
0.000000	
0.101437	
0.000000	
0.000000	
0.012936	
0.000000	
0.000000	
0.000000	
0.000000	
0.000000	
0.000000	
0.000000	
0.000000	
0.021068	
0.000000	
0.000000	
0.000000	
0.000000	
0.000000	
0.000000	
0.000000	
0.000000	
0.000000	
0.000000	
