0.134756	
0.000000	
0.000000	
0.056057	
0.000000	
0.000000	
0.160369	
0.000000	
0.000000	
0.000000	
0.000000	
0.232232	
0.000000	
0.000148	
0.000000	
0.000000	
0.000000	
0.090879	
0.083246	
0.000000	
0.000000	
0.000000	
0.000000	
0.104238	
0.000000	
0.000000	
0.000000	
0.000000	
-0.000000	
0.000000	
-0.000000	
0.000000	
0.000000	
0.104140	
0.000000	
0.000000	
0.000000	
0.000000	
0.000000	
0.000000	
0.000000	
0.000000	
0.000000	
0.000000	
0.000000	
0.033935	
-0.000000	
0.000000	
0.000000	
0.000000	
0.000000	
0.000000	
0.000000	
0.000000	
0.000000	
0.000000	
