0.165857	
0.000000	
0.009649	
0.046510	
0.000000	
0.000000	
0.170758	
0.000000	
0.000000	
0.000000	
0.000000	
0.191887	
0.000000	
0.000000	
0.016514	
0.000000	
0.000000	
0.068624	
0.066299	
0.000000	
0.000000	
0.000000	
0.000000	
0.078424	
0.000000	
0.000000	
0.000000	
0.000000	
0.000000	
0.000000	
0.000000	
0.000000	
0.000000	
0.143903	
0.000000	
0.000000	
0.015692	
0.000000	
0.000000	
0.000000	
0.000000	
0.000000	
0.000000	
0.000000	
0.000000	
0.025882	
0.000000	
0.000000	
0.000000	
0.000000	
0.000000	
0.000000	
0.000000	
0.000000	
0.000000	
0.000000	
