0.182161	
0.000000	
0.003718	
0.043442	
0.000000	
0.000000	
0.160341	
0.000000	
0.000000	
0.000000	
0.000000	
0.183102	
0.000000	
0.000000	
0.012693	
0.000000	
-0.000000	
0.076833	
0.064541	
0.000000	
0.000000	
0.000000	
0.000000	
0.078240	
0.000000	
-0.000000	
0.000000	
0.000000	
0.000000	
0.000000	
0.000000	
0.000000	
0.000000	
0.151362	
0.000000	
0.000000	
0.012392	
0.000000	
0.000000	
0.000000	
0.000000	
0.000000	
0.000000	
-0.000000	
0.000000	
0.031175	
0.000000	
0.000000	
0.000000	
-0.000000	
0.000000	
0.000000	
0.000000	
0.000000	
0.000000	
0.000000	
