0.121088	
0.000000	
0.024619	
0.069450	
0.000000	
0.000000	
0.147890	
0.000000	
0.000000	
0.000000	
0.000000	
0.255898	
0.000000	
0.000000	
0.000000	
0.000000	
0.000000	
0.094777	
0.087337	
0.000000	
0.000000	
0.000000	
0.000000	
0.097673	
0.000000	
0.000000	
0.000000	
0.000000	
0.000000	
0.000000	
0.000000	
0.000000	
0.000000	
0.063167	
0.000000	
0.009883	
0.009649	
0.000000	
0.000000	
0.000000	
0.000000	
0.000000	
0.000000	
0.000000	
0.000000	
0.018568	
0.000000	
0.000000	
0.000000	
0.000000	
0.000000	
0.000000	
0.000000	
0.000000	
0.000000	
0.000000	
