0.122766	
0.000000	
0.000000	
0.057028	
0.000000	
0.000000	
0.172101	
0.000000	
0.000000	
0.000000	
0.000000	
0.230657	
0.000000	
0.000000	
0.000000	
0.000000	
0.000000	
0.092470	
0.084085	
0.000000	
0.000000	
0.000000	
0.000000	
0.104600	
0.000000	
0.000000	
0.000000	
0.000000	
0.000000	
0.000000	
0.000000	
0.000000	
0.000000	
0.096335	
0.000000	
0.000000	
0.012996	
0.000000	
0.000000	
0.000000	
0.000000	
0.000000	
0.000000	
0.000000	
0.000000	
0.026961	
0.000000	
0.000000	
0.000000	
0.000000	
0.000000	
0.000000	
0.000000	
0.000000	
0.000000	
0.000000	
