0.157672	
0.000000	
0.041393	
0.067328	
0.000000	
0.000000	
0.138797	
0.000000	
0.000000	
0.000000	
0.000000	
0.261228	
0.000000	
0.000000	
0.000000	
0.000000	
0.000000	
0.087380	
0.085985	
0.000000	
0.000000	
0.000000	
0.000000	
0.053487	
0.000000	
0.000000	
0.000000	
0.000000	
0.000000	
0.000000	
0.000000	
0.000000	
0.000000	
0.065547	
0.000000	
0.017098	
0.000000	
0.000000	
0.000000	
0.000000	
0.000000	
0.000000	
0.000000	
0.000000	
0.000000	
0.024084	
0.000000	
0.000000	
0.000000	
0.000000	
0.000000	
0.000000	
0.000000	
0.000000	
0.000000	
0.000000	
