0.0000000000	
0.0000000000	
0.1432492614	
0.0000000000	
-0.0000000000	
-0.0000000000	
0.1516318795	
0.0000000000	
0.0000000000	
-0.0000000000	
0.0000000000	
-0.0000000000	
0.0000000000	
0.0000000000	
0.0000000000	
0.0000000000	
-0.0000000000	
0.0000000000	
0.0000000000	
-0.0000000000	
0.0000000000	
0.0000000000	
-0.0000000000	
0.0000000000	
0.0000000000	
0.0000000000	
0.0000000000	
-0.0000000000	
-0.0000000000	
-0.0000000000	
0.0000000000	
0.0740245653	
0.0000000000	
0.0000000000	
-0.0000000000	
0.0000000000	
-0.0000000000	
0.0000000000	
0.0000000000	
0.0000000000	
-0.0000000000	
0.0000000000	
0.0000000000	
0.0000000000	
0.0000000000	
0.1182272773	
0.0000000000	
0.0000000000	
0.0000000000	
0.0000000000	
-0.0000000000	
0.0000000000	
0.0000000000	
-0.0000000000	
0.0000000000	
-0.0000000000	
0.0000000000	
0.1848904305	
0.0000000000	
0.0000000000	
0.0000000000	
0.0000000000	
0.0000000000	
0.3145274788	
0.0109659131	
0.0000000000	
0.0024831942	
-0.0000000000	
0.0000000000	
0.0000000000	
0.0000000000	
-0.0000000000	
0.0000000000	
-0.0000000000	
0.0000000000	
0.0000000000	
0.0000000000	
0.0000000000	
0.0000000000	
0.0000000000	
-0.0000000000	
0.0000000000	
0.0000000000	
-0.0000000000	
0.0000000000	
