0.000000	
0.000000	
0.000000	
0.000000	
0.000000	
0.000000	
0.033719	
0.000000	
0.000000	
0.000000	
0.000000	
0.000000	
0.066996	
0.000000	
0.000000	
0.000000	
0.000000	
-0.000000	
0.000000	
0.153859	
0.000000	
0.000000	
0.000000	
0.000000	
0.000000	
0.028543	
0.000000	
0.000000	
0.086854	
0.000000	
0.108393	
0.000000	
0.000000	
0.000000	
0.000000	
0.000000	
0.000000	
0.007464	
0.000000	
0.000000	
0.056714	
0.000000	
0.000000	
0.000000	
0.000000	
0.000000	
0.000000	
0.024443	
0.000000	
0.000000	
0.073696	
0.000000	
0.000000	
0.000000	
0.000000	
0.000000	
0.000000	
0.000000	
0.000000	
0.000000	
0.000000	
0.000000	
0.000000	
0.000000	
0.000000	
0.000000	
0.000000	
0.000000	
0.000000	
0.000000	
0.000000	
0.000000	
0.000000	
0.000000	
0.000000	
0.000000	
0.000000	
0.000000	
0.000000	
0.062526	
0.000000	
0.000000	
0.000000	
0.101597	
0.000000	
0.000000	
0.090668	
0.000000	
0.104528	
0.000000	
0.000000	
0.000000	
0.000000	
0.000000	
0.000000	
0.000000	
0.000000	
0.000000	
