0.000000	
0.000000	
0.000000	
0.000000	
0.000000	
0.000000	
0.050024	
0.000000	
0.000000	
0.000000	
0.000000	
0.000000	
0.053845	
0.000000	
0.000000	
0.000000	
0.000000	
0.000000	
0.000000	
0.168929	
0.000000	
0.000000	
0.000000	
0.015140	
0.000000	
0.000000	
0.000000	
0.000000	
0.084766	
0.000000	
0.001983	
0.000000	
0.000000	
0.000000	
0.000000	
0.000000	
0.000000	
0.079122	
0.000000	
0.001046	
0.004932	
0.000000	
0.000000	
0.000000	
0.000000	
0.000000	
0.000000	
0.062047	
0.000000	
0.000000	
0.075449	
0.019071	
0.039988	
0.000000	
0.000000	
0.011708	
0.000000	
0.000000	
0.000000	
0.000000	
0.000000	
0.000000	
0.000000	
0.000000	
0.000000	
0.000000	
0.000000	
0.000000	
0.000000	
0.000000	
0.000000	
0.000000	
0.000000	
0.000000	
0.027080	
0.000000	
0.000000	
0.000000	
0.000000	
0.036093	
0.000000	
0.023158	
0.000000	
0.089564	
0.000000	
0.000000	
0.074132	
0.000000	
0.081922	
0.000000	
0.000000	
0.000000	
0.000000	
0.000000	
0.000000	
0.000000	
0.000000	
0.000000	
