0.000000	
0.000000	
0.000000	
0.000000	
0.000000	
0.000000	
0.000000	
0.000000	
0.000000	
0.000000	
-0.000000	
0.000000	
0.014164	
0.000000	
0.000000	
0.000000	
0.000000	
0.064747	
0.000000	
0.102803	
0.000000	
0.000000	
0.000000	
0.003611	
-0.000000	
0.000000	
0.000000	
0.001155	
0.000000	
-0.000000	
0.038543	
0.000000	
0.000000	
0.000000	
0.000000	
0.000000	
0.000000	
0.111881	
0.000000	
0.000000	
0.000000	
0.000000	
0.000000	
-0.000000	
0.000000	
0.000000	
0.000000	
0.000000	
0.000000	
0.000000	
0.074369	
0.043302	
0.041245	
0.000000	
0.061756	
0.003332	
0.000000	
0.000000	
0.000000	
0.000000	
0.000000	
0.000000	
0.021817	
0.000000	
0.000000	
0.000000	
0.000000	
0.000000	
0.000000	
0.000000	
0.000000	
0.000000	
0.067920	
0.000000	
0.058369	
0.000000	
0.000000	
0.000000	
0.017235	
0.000000	
0.000000	
0.000000	
0.007910	
0.083987	
0.000000	
0.000000	
0.053746	
0.000000	
0.108713	
0.000000	
0.000000	
0.000000	
0.000000	
-0.000000	
-0.000000	
0.000000	
0.000000	
0.019394	
