0.000000	
0.000000	
0.000000	
0.000000	
0.000000	
0.000000	
0.000000	
0.000000	
0.000000	
0.000000	
0.000000	
0.000000	
0.009318	
0.000000	
0.000000	
0.000000	
0.000000	
0.078628	
0.000000	
-0.000000	
0.000000	
0.000000	
0.000000	
0.000000	
0.000000	
0.000000	
-0.000000	
0.035871	
0.000000	
0.000000	
0.026401	
-0.000000	
0.000000	
0.000000	
0.000000	
0.000000	
0.000000	
0.043986	
0.000000	
0.000000	
0.000000	
0.000000	
0.000000	
0.000000	
0.000000	
0.000000	
0.000000	
0.000000	
0.000000	
-0.000000	
0.048150	
0.000000	
0.076318	
0.000000	
0.030751	
0.039470	
0.052958	
0.007735	
0.000000	
0.084983	
-0.000000	
0.000000	
0.011266	
0.000000	
0.000000	
0.000000	
0.000000	
0.000000	
0.000000	
-0.000000	
0.000000	
0.000000	
0.050305	
0.000000	
0.119909	
0.000000	
0.000000	
0.000000	
0.000000	
0.000000	
0.000000	
0.000000	
0.000000	
0.074117	
0.000000	
0.000000	
0.062656	
0.000000	
0.125841	
0.000000	
0.000000	
0.000000	
0.000000	
0.000000	
0.000000	
0.000000	
0.000000	
0.021337	
