0.000000	
0.000000	
0.000000	
0.000000	
0.000000	
0.000000	
0.000000	
-0.000000	
0.000000	
0.000000	
0.000000	
0.000000	
0.017393	
0.000000	
0.000000	
0.000000	
0.000000	
0.068166	
-0.000000	
0.000000	
0.000000	
0.000000	
0.000000	
0.000000	
0.000000	
0.000000	
0.000000	
0.040729	
0.000000	
0.000000	
0.027217	
0.000000	
0.000000	
-0.000000	
0.000000	
0.000000	
0.000000	
0.063037	
0.000000	
0.000000	
0.000000	
0.000000	
0.000000	
0.000000	
0.000000	
0.000000	
0.000000	
0.000000	
0.000000	
0.000000	
0.066671	
0.000000	
0.072346	
0.000000	
0.030940	
0.029039	
0.055530	
0.007185	
-0.000000	
0.063656	
0.000000	
0.000000	
0.006019	
0.000000	
0.000000	
0.000000	
0.000000	
0.000000	
0.000000	
0.000000	
0.000000	
0.000000	
0.046844	
0.000000	
0.126925	
0.000000	
0.000000	
0.000000	
0.000000	
0.000000	
0.000000	
0.000000	
0.000000	
0.074833	
0.000000	
0.000000	
0.061667	
0.000000	
0.131174	
0.000000	
0.000000	
0.000000	
0.000000	
-0.000000	
0.000000	
0.000000	
0.000000	
0.010630	
