0.000000	
0.000000	
0.000000	
0.000000	
0.000000	
0.000000	
0.000000	
0.000000	
0.000000	
0.000000	
0.000000	
0.000000	
0.029387	
0.000000	
0.000000	
0.000000	
0.000000	
0.074456	
0.000000	
0.079322	
0.000000	
0.000000	
0.000000	
0.001314	
0.000000	
0.000000	
0.000000	
0.021339	
0.000000	
0.000000	
0.043542	
0.000000	
0.000000	
0.000000	
0.000000	
0.000000	
0.000000	
0.105861	
0.000000	
0.000000	
0.000000	
0.000000	
0.000000	
0.000000	
0.000000	
0.000000	
0.000000	
0.000000	
0.000000	
0.000000	
0.073738	
0.039481	
0.047404	
0.000000	
0.044592	
0.005095	
0.021158	
0.000000	
-0.000000	
0.000000	
0.000000	
0.000000	
0.000000	
0.000000	
0.000000	
0.000000	
0.000000	
0.000000	
0.000000	
0.000000	
0.000000	
0.000000	
0.054958	
0.000000	
0.047859	
0.000000	
0.000000	
0.000000	
0.000000	
0.000000	
0.000000	
0.000000	
0.024175	
0.088675	
0.000000	
0.000000	
0.067632	
0.000000	
0.120253	
0.000000	
0.000000	
0.000000	
0.000000	
0.000000	
0.000000	
0.000000	
0.000000	
0.009759	
