0.000000	
0.000000	
0.000000	
0.000000	
0.000000	
0.000000	
0.000000	
0.000000	
0.000000	
0.000000	
0.000000	
0.000000	
0.044108	
0.000000	
0.000000	
0.000000	
0.000000	
0.021622	
0.000000	
0.098713	
0.000000	
0.000000	
0.000000	
0.000000	
0.000000	
0.000000	
0.000000	
0.000000	
0.000000	
0.000000	
0.048534	
0.000000	
0.000000	
0.000000	
-0.000000	
0.000000	
0.000000	
0.084102	
0.000000	
0.000000	
0.005406	
0.000000	
0.000000	
0.000000	
0.000000	
0.000000	
0.000000	
0.000000	
0.000000	
0.000000	
0.071070	
0.136832	
0.000000	
-0.000000	
0.072698	
0.077370	
0.000000	
0.000000	
0.000000	
0.000000	
0.000000	
0.000000	
0.000000	
0.000000	
0.000000	
0.000000	
0.000000	
0.000000	
0.000000	
0.000000	
0.000000	
0.000000	
0.000000	
0.000000	
0.056402	
0.000000	
0.000000	
0.000000	
0.033530	
0.000000	
0.000000	
0.000000	
0.000000	
0.076598	
0.000000	
0.000000	
0.058219	
0.000000	
0.086462	
0.000000	
0.003939	
0.000000	
0.000000	
0.000000	
0.000000	
0.000000	
0.000000	
0.024397	
