0.0000000000	
0.0649178090	
0.0000000000	
0.0000000000	
0.0000000000	
0.0000000000	
0.0000000019	
0.0000000000	
0.0000000000	
0.0000000000	
0.0000000000	
0.0000000000	
0.1273101101	
0.0000000000	
0.0000000000	
0.0000000000	
0.0000000000	
0.0000000000	
0.0000000000	
0.1018558570	
0.0000000000	
0.0000000000	
0.0000000000	
0.0137976321	
0.0000000000	
0.0000000000	
0.0000000000	
0.0000000000	
0.0532513497	
0.0000000000	
0.0348086189	
0.0000000000	
0.0000000000	
0.0000000000	
0.0000000000	
0.0000000000	
0.0000000000	
0.1215143193	
0.0000000000	
0.1278773670	
0.0000000000	
0.0000000000	
0.0000000000	
0.0000000000	
0.0000000000	
0.0000000000	
0.0000000000	
0.0606174879	
0.0000000000	
0.0000000000	
0.0170130625	
0.0000000008	
0.0240733353	
0.0000000000	
0.0000000000	
0.0000000000	
0.0000000000	
0.0000000000	
0.0000000000	
0.0000000000	
0.0000000000	
0.0000000000	
0.0000000000	
0.0000000002	
0.0000000000	
0.0000000000	
0.0000000000	
0.0000000000	
-0.0000000000	
0.0000000000	
0.0000000000	
0.0000000000	
0.0000000000	
0.0000000000	
0.0319568664	
0.0000000000	
-0.0000000000	
0.0000000000	
0.0000000000	
0.0000000000	
0.0412973840	
0.0000000015	
0.0000000000	
0.1008076405	
0.0000000000	
0.0000000000	
0.0000000000	
0.0000000000	
0.0789011560	
0.0000000000	
0.0000000000	
0.0000000000	
0.0000000000	
0.0000000000	
0.0000000000	
0.0000000000	
0.0000000000	
0.0000000000	
