0.0000000000	
0.0000000000	
0.0000000000	
0.0000000000	
0.0000000000	
0.0000000000	
0.0207574977	
0.0000000000	
0.0000000000	
0.0000000000	
0.0000000000	
0.0000000000	
0.1313695728	
0.0000000000	
0.0000000000	
0.0000000000	
0.0000000000	
0.0349492084	
0.0000000000	
0.0945043137	
0.0000000000	
0.0000000000	
0.0000000000	
0.0000000000	
0.0000000000	
0.0000000000	
0.0000000000	
0.0000000000	
0.0215371046	
0.0000000000	
0.1251630565	
0.0000000000	
0.0000000000	
0.0000000000	
0.0000000000	
0.0000000000	
0.0000000000	
0.0011230768	
0.0000000000	
0.0000000000	
0.0424524146	
0.0000000000	
0.0000000000	
0.0000000000	
0.0000000000	
0.0000000000	
0.0000000000	
0.0000000000	
0.0000000000	
0.0000000000	
0.0210844669	
0.0679166036	
0.0000000000	
0.0000000000	
0.0549906295	
0.0000000000	
0.0000000000	
0.0000000000	
0.0000000000	
0.0050080028	
0.0617509077	
0.0000000000	
0.0000000000	
0.0000000000	
0.0000000000	
0.0000000000	
0.0000000000	
0.0000000000	
0.0725884959	
0.0000000000	
0.0000000000	
0.0000000000	
0.0092549032	
0.0000000000	
0.0145542341	
0.0000000000	
0.0000000000	
0.0000000000	
0.0000000000	
0.0000000000	
0.0317478780	
0.0000000000	
0.0000000000	
0.0532751143	
0.0000000000	
0.0000000000	
0.0667118741	
0.0000000000	
0.0692606448	
0.0000000000	
0.0000000000	
0.0000000000	
0.0000000000	
0.0000000000	
0.0000000000	
0.0000000000	
0.0000000000	
0.0000000000	
