0.0000000000	
0.0000000000	
0.0000000000	
0.0000000000	
0.0000000000	
0.0000000000	
0.0000000000	
0.0000000000	
0.0000000000	
0.0000000000	
0.0000000000	
0.0000000000	
0.0258496005	
-0.0000000000	
-0.0000000000	
0.0000000000	
0.0000000000	
0.1199099641	
0.0000000000	
0.0005525215	
0.0000000000	
0.0000000000	
0.0000000000	
0.0000000000	
0.0000000000	
-0.0000000000	
0.0000000000	
0.0280131528	
0.0276753012	
0.0000000000	
0.0000000000	
0.0000000000	
0.0198249027	
0.0000000000	
0.0000000000	
0.0000000000	
0.0000000000	
0.0275737288	
0.0000000000	
0.0000000000	
0.0000000000	
0.0000000000	
0.0000000000	
0.0000000000	
0.0000000000	
0.0000000000	
0.0000000000	
-0.0000000000	
0.0000000000	
0.0000000000	
0.0732862454	
0.0000000000	
0.0000000000	
0.0000000000	
0.0857880262	
0.0000000000	
0.0000000000	
0.0000000000	
0.0000000000	
0.0863835136	
0.1416725328	
0.0000000000	
0.0000000000	
0.0000000000	
0.0000000000	
0.0000000000	
0.0000000000	
0.0000000000	
0.0000000000	
0.0124873096	
0.0000000000	
0.0000000000	
0.0879376103	
0.0000000000	
0.0000000000	
0.0000000000	
0.0000000000	
0.0000000000	
0.0000000000	
0.0000000000	
0.0000000000	
0.0000000000	
0.0000000000	
0.1067314475	
0.0000000000	
-0.0000000000	
0.0000000000	
0.0000000000	
0.1227626528	
0.0000000000	
0.0000000000	
0.0000000000	
0.0000000000	
0.0000000000	
0.0096469108	
0.0000000000	
0.0000000000	
0.0239045793	
