0.0000000000	
0.0000000000	
0.0000000000	
0.0000000000	
0.0000000000	
0.0000000000	
0.0311139925	
0.0000000000	
0.0000000000	
0.0000000000	
0.0000000000	
0.0000000000	
0.1079909379	
0.0000000000	
0.0000000000	
0.0000000000	
0.0000000000	
0.0565018655	
0.0000000000	
0.0820602207	
0.0000000000	
0.0000000000	
0.0000000000	
0.0000000330	
0.0000000000	
-0.0000000000	
0.0000000000	
0.0000000000	
0.0289099635	
0.0000000000	
0.1329285489	
0.0000000000	
0.0000000000	
0.0000000000	
0.0000000000	
-0.0000000000	
0.0000000000	
0.0042271851	
0.0000000000	
0.0000000000	
0.0406005304	
0.0000000000	
0.0000000000	
0.0000000000	
0.0000000000	
-0.0000000000	
0.0000000000	
0.0000000000	
0.0000000000	
-0.0000000000	
0.0198575914	
0.0662083850	
0.0000000000	
0.0000000000	
0.0481561496	
0.0000000000	
0.0000000000	
0.0000000000	
-0.0000000000	
0.0000000000	
0.0484991066	
0.0000000000	
0.0000000000	
0.0000000000	
0.0000000000	
0.0000000000	
0.0000000000	
0.0000000000	
0.0880462034	
0.0000000000	
0.0000000000	
0.0000000000	
0.0002222396	
0.0000000000	
0.0073527947	
0.0000000000	
0.0000000000	
0.0000000000	
0.0000000000	
0.0000000000	
0.0000000000	
-0.0000000000	
0.0000000000	
0.0851031936	
0.0000000000	
0.0000000000	
0.0861776682	
0.0000000000	
0.0660433905	
0.0000000000	
0.0000000000	
0.0000000000	
-0.0000000000	
0.0000000000	
0.0000000000	
0.0000000000	
0.0000000000	
0.0000000000	
