0.000000	
0.000000	
0.213764	
0.000000	
0.000000	
0.000000	
0.174086	
0.000000	
0.000000	
0.000000	
0.000000	
0.343955	
0.000000	
0.000000	
0.000000	
0.000000	
0.000000	
0.000000	
0.085425	
0.000000	
0.000000	
0.000000	
0.000000	
0.115603	
0.000000	
0.000000	
0.000000	
0.000000	
0.000000	
0.000000	
0.000000	
0.000000	
0.000000	
0.067168	
0.000000	
0.000000	
0.000000	
0.000000	
0.000000	
0.000000	
0.000000	
-0.000000	
-0.000000	
0.000000	
0.000000	
0.000000	
0.000000	
0.000000	
0.000000	
0.000000	
0.000000	
-0.000000	
0.000000	
0.000000	
0.000000	
0.000000	
