0.000000	
0.000000	
0.206085	
0.017606	
0.000000	
0.000000	
0.129673	
0.000000	
0.000000	
0.000000	
0.000000	
0.334040	
0.000000	
0.000000	
0.000000	
0.000000	
0.000000	
0.084709	
0.065895	
0.000000	
0.000000	
-0.000000	
0.000000	
0.076689	
0.000000	
0.000000	
-0.000000	
0.000000	
0.000000	
0.000000	
0.000000	
0.000000	
0.000000	
0.055262	
0.000000	
0.000000	
0.000000	
0.000000	
0.000000	
0.000000	
0.000000	
0.000000	
0.000000	
0.000000	
0.000000	
0.030041	
-0.000000	
0.000000	
0.000000	
0.000000	
0.000000	
0.000000	
0.000000	
0.000000	
0.000000	
0.000000	
