0.055875	
-0.000000	
0.184982	
0.006871	
-0.000000	
-0.000000	
0.169856	
0.000000	
-0.000000	
-0.000000	
0.000000	
0.310815	
-0.000000	
0.000000	
0.000000	
-0.000000	
-0.000000	
0.000000	
0.076037	
0.000000	
-0.000000	
-0.000000	
0.000000	
0.062271	
-0.000000	
-0.000000	
-0.000000	
-0.000000	
-0.000000	
-0.000000	
-0.000000	
0.000000	
-0.000000	
0.104437	
0.000000	
-0.000000	
-0.000000	
-0.000000	
0.000000	
-0.000000	
-0.000000	
-0.000000	
0.000000	
-0.000000	
-0.000000	
0.028856	
-0.000000	
0.000000	
-0.000000	
-0.000000	
-0.000000	
-0.000000	
-0.000000	
-0.000000	
0.000000	
0.000000	
