0.007483	
0.000000	
0.200995	
0.000000	
0.000000	
0.000000	
0.199180	
0.000000	
0.000000	
0.000000	
0.000000	
0.319426	
0.000000	
0.000000	
0.000000	
0.000000	
0.000000	
0.000000	
0.082042	
0.000000	
0.000000	
0.000000	
0.000000	
0.086566	
0.000000	
0.000000	
0.000000	
0.000000	
0.000000	
0.000000	
0.000000	
0.000000	
-0.000000	
0.092341	
0.000000	
0.000000	
0.000000	
0.000000	
0.000000	
0.000000	
0.000000	
0.000000	
0.000000	
0.000000	
0.000000	
0.011967	
0.000000	
0.000000	
0.000000	
0.000000	
0.000000	
0.000000	
0.000000	
0.000000	
0.000000	
-0.000000	
