0.000000	
0.000000	
0.211987	
0.010420	
0.000000	
0.000000	
0.127907	
0.000000	
0.000000	
0.000000	
-0.000000	
0.344851	
0.000000	
0.000000	
0.000000	
0.000000	
0.000000	
0.086446	
0.065963	
0.000000	
0.000000	
0.000000	
0.000000	
0.061729	
0.000000	
0.000000	
0.000000	
0.000000	
0.000000	
0.000000	
-0.000000	
0.000000	
0.000000	
0.065339	
0.000000	
0.000000	
0.000000	
-0.000000	
0.000000	
0.000000	
0.000000	
0.000000	
0.000000	
0.000000	
0.000000	
0.025359	
0.000000	
0.000000	
0.000000	
0.000000	
0.000000	
0.000000	
0.000000	
0.000000	
0.000000	
0.000000	
