0.029103	
0.000000	
0.176280	
0.007625	
0.000000	
0.000000	
0.177090	
0.000000	
-0.000000	
0.000000	
0.000000	
0.342134	
0.000000	
0.000000	
0.000000	
0.000000	
0.000000	
0.013288	
0.073735	
0.000000	
0.000000	
-0.000000	
0.000000	
0.062632	
0.000000	
0.000000	
0.000000	
0.000000	
0.000000	
0.000000	
0.000000	
0.000000	
0.000000	
0.096675	
-0.000000	
0.000000	
0.000000	
0.000000	
0.000000	
0.000000	
0.000000	
0.000000	
0.000000	
0.000000	
0.000000	
0.021438	
0.000000	
0.000000	
0.000000	
0.000000	
0.000000	
0.000000	
0.000000	
0.000000	
0.000000	
0.000000	
