0.110710	
0.000000	
0.071514	
0.032433	
0.000000	
0.000000	
0.175939	
0.000000	
0.000000	
0.000000	
0.000000	
0.331015	
0.000000	
0.000000	
0.000000	
0.000000	
0.000000	
0.080535	
0.040570	
0.000000	
0.000000	
-0.000000	
-0.000000	
0.011625	
0.000000	
0.000000	
0.000000	
0.000000	
0.000000	
0.000000	
0.000000	
0.000000	
0.000000	
0.145660	
-0.000000	
0.000000	
0.000000	
0.000000	
0.000000	
0.000000	
0.000000	
0.000000	
0.000000	
0.000000	
0.000000	
0.000000	
0.000000	
0.000000	
0.000000	
0.000000	
0.000000	
0.000000	
0.000000	
0.000000	
0.000000	
0.000000	
