0.004057	
0.000000	
0.131838	
0.017170	
0.000000	
0.000000	
0.146021	
0.000000	
0.000000	
0.000000	
0.000000	
0.352391	
0.000000	
0.000000	
0.000000	
0.000000	
0.000000	
0.112827	
0.036602	
0.000000	
0.000000	
0.000000	
0.000000	
0.092621	
0.000000	
0.000000	
0.000000	
0.000000	
0.000000	
0.000000	
0.000000	
0.000000	
0.000000	
0.106472	
0.000000	
0.000000	
0.000000	
0.000000	
0.000000	
0.000000	
-0.000000	
0.000000	
0.000000	
0.000000	
0.000000	
0.000000	
0.000000	
0.000000	
0.000000	
0.000000	
0.000000	
0.000000	
0.000000	
0.000000	
0.000000	
0.000000	
