0.000000	
0.000000	
0.123765	
0.020087	
0.000000	
0.000000	
0.147655	
0.000000	
0.000000	
0.000000	
0.000000	
0.355605	
0.000000	
0.000000	
0.000000	
0.000000	
0.000000	
0.116556	
0.035856	
0.000000	
0.000000	
0.000000	
0.000000	
0.096085	
0.000000	
0.000000	
0.000000	
0.000000	
0.000000	
0.000000	
0.000000	
0.000000	
0.000000	
0.104391	
0.000000	
0.000000	
0.000000	
0.000000	
0.000000	
0.000000	
0.000000	
0.000000	
0.000000	
0.000000	
0.000000	
0.000000	
0.000000	
0.000000	
0.000000	
0.000000	
0.000000	
0.000000	
0.000000	
0.000000	
0.000000	
0.000000	
