0.000000	
0.000000	
0.184004	
0.000000	
0.000000	
0.000000	
0.132108	
0.000000	
0.000000	
0.000000	
0.000000	
0.376200	
0.000000	
0.000000	
0.000000	
0.000000	
0.000000	
0.107323	
0.045740	
0.000000	
0.000000	
0.000000	
0.000000	
0.063669	
0.000000	
0.000000	
0.000000	
0.000000	
0.000000	
0.000000	
0.000000	
0.000000	
0.000000	
0.090955	
0.000000	
0.000000	
0.000000	
0.000000	
0.000000	
0.000000	
0.000000	
0.000000	
0.000000	
0.000000	
0.000000	
0.000000	
0.000000	
0.000000	
0.000000	
0.000000	
0.000000	
0.000000	
0.000000	
0.000000	
0.000000	
0.000000	
