0.011982	
0.000000	
0.097669	
0.017716	
-0.000000	
0.000000	
0.166696	
-0.000000	
-0.000000	
0.000000	
-0.000000	
0.362453	
0.000000	
0.000000	
0.000000	
-0.000000	
-0.000000	
0.113560	
0.029843	
0.000000	
0.000000	
0.000000	
-0.000000	
0.071944	
0.000000	
-0.000000	
-0.000000	
-0.000000	
0.000000	
-0.000000	
-0.000000	
-0.000000	
-0.000000	
0.128137	
-0.000000	
0.000000	
0.000000	
-0.000000	
-0.000000	
-0.000000	
0.000000	
0.000000	
-0.000000	
0.000000	
-0.000000	
0.000000	
-0.000000	
-0.000000	
-0.000000	
-0.000000	
-0.000000	
-0.000000	
-0.000000	
0.000000	
0.000000	
0.000000	
