0.113523	
0.000000	
0.058780	
0.037246	
0.000000	
0.000000	
0.175560	
0.000000	
0.000000	
0.000000	
0.000000	
0.340829	
0.000000	
0.000000	
0.000000	
0.000000	
0.000000	
0.085500	
0.036141	
0.000000	
0.000000	
0.000000	
0.000000	
0.001669	
0.000000	
0.000000	
0.000000	
0.000000	
-0.000000	
0.000000	
0.000000	
0.000000	
0.000000	
0.150752	
0.000000	
0.000000	
0.000000	
0.000000	
0.000000	
0.000000	
0.000000	
0.000000	
0.000000	
0.000000	
0.000000	
0.000000	
0.000000	
0.000000	
0.000000	
0.000000	
0.000000	
-0.000000	
0.000000	
0.000000	
0.000000	
0.000000	
