0.183499	
0.000000	
0.021163	
0.051101	
0.000000	
-0.000000	
0.172428	
0.000000	
0.000000	
-0.000000	
0.000000	
0.276314	
-0.000000	
-0.000000	
-0.000000	
0.000000	
-0.000000	
0.031167	
0.054171	
0.000000	
-0.000000	
0.000000	
-0.000000	
0.020085	
0.000000	
-0.000000	
-0.000000	
0.000000	
0.000000	
-0.000000	
-0.000000	
-0.000000	
-0.000000	
0.175388	
-0.000000	
0.000000	
0.000000	
-0.000000	
0.000000	
-0.000000	
0.000000	
-0.000000	
-0.000000	
-0.000000	
-0.000000	
0.014683	
-0.000000	
0.000000	
0.000000	
-0.000000	
0.000000	
-0.000000	
-0.000000	
-0.000000	
0.000000	
-0.000000	
