0.111205	
0.000000	
0.046513	
0.041787	
0.000000	
0.000000	
0.180159	
0.000000	
0.000000	
0.000000	
0.000000	
0.341692	
0.000000	
0.000000	
0.000000	
0.000000	
0.000000	
0.069683	
0.045499	
0.000000	
0.000000	
0.000000	
0.000000	
0.005222	
0.000000	
0.000000	
0.000000	
0.000000	
0.000000	
0.000000	
0.000000	
0.000000	
0.000000	
0.158240	
0.000000	
0.000000	
0.000000	
0.000000	
0.000000	
0.000000	
0.000000	
0.000000	
0.000000	
0.000000	
0.000000	
0.000000	
0.000000	
0.000000	
0.000000	
0.000000	
0.000000	
-0.000000	
0.000000	
0.000000	
0.000000	
0.000000	
