0.146806	
0.000000	
0.014872	
0.056169	
0.000000	
0.000000	
0.166708	
0.000000	
0.000000	
0.000000	
0.000000	
0.291926	
0.000000	
0.000000	
0.000000	
0.000000	
0.000000	
0.031812	
0.052463	
0.000000	
0.000000	
0.000000	
0.000000	
0.027344	
0.000000	
0.000000	
0.000000	
0.000000	
0.000000	
0.000000	
0.000000	
0.000000	
0.000000	
0.189581	
0.000000	
0.000000	
0.000000	
0.000000	
0.000000	
0.000000	
0.000000	
0.000000	
0.000000	
0.000000	
0.000000	
0.022320	
0.000000	
0.000000	
0.000000	
0.000000	
0.000000	
0.000000	
0.000000	
0.000000	
0.000000	
0.000000	
