0.157719	
0.000000	
0.006622	
0.057995	
0.000000	
0.000000	
0.171123	
0.000000	
0.000000	
0.000000	
0.000000	
0.291890	
0.000000	
0.000000	
0.000000	
0.000000	
0.000000	
0.032432	
0.052919	
0.000000	
0.000000	
0.000000	
0.000000	
0.021337	
0.000000	
0.000000	
0.000000	
0.000000	
0.000000	
0.000000	
0.000000	
0.000000	
0.000000	
0.189323	
0.000000	
0.000000	
0.000000	
0.000000	
0.000000	
0.000000	
0.000000	
0.000000	
0.000000	
0.000000	
0.000000	
0.018639	
0.000000	
0.000000	
0.000000	
0.000000	
0.000000	
0.000000	
0.000000	
0.000000	
0.000000	
0.000000	
