0.141583	
0.000000	
0.008023	
0.057789	
0.000000	
0.000000	
0.149819	
0.000000	
0.000000	
0.000000	
0.000000	
0.246601	
0.000000	
0.000000	
0.000000	
0.000000	
0.000000	
0.060884	
0.065555	
0.000000	
0.000000	
0.000000	
0.000000	
0.069616	
0.000000	
0.000000	
0.000000	
0.000000	
0.000000	
0.000000	
0.000000	
0.000000	
-0.000000	
0.182446	
-0.000000	
0.000000	
0.003980	
0.000000	
0.000000	
0.000000	
0.000000	
0.000000	
0.000000	
0.000000	
0.000000	
0.013705	
0.000000	
0.000000	
0.000000	
0.000000	
0.000000	
0.000000	
0.000000	
0.000000	
0.000000	
0.000000	
