0.082662	
-0.000000	
0.022594	
0.078474	
-0.000000	
-0.000000	
0.124614	
0.000000	
-0.000000	
-0.000000	
-0.000000	
0.308400	
-0.000000	
0.000000	
0.000000	
0.000000	
-0.000000	
0.087097	
0.099830	
-0.000000	
-0.000000	
0.000000	
0.000000	
0.098057	
-0.000000	
-0.000000	
-0.000000	
-0.000000	
-0.000000	
-0.000000	
0.000000	
-0.000000	
-0.000000	
0.085345	
-0.000000	
0.012927	
-0.000000	
-0.000000	
0.000000	
-0.000000	
-0.000000	
-0.000000	
0.000000	
-0.000000	
-0.000000	
-0.000000	
0.000000	
0.000000	
0.000000	
0.000000	
-0.000000	
-0.000000	
-0.000000	
-0.000000	
-0.000000	
-0.000000	
