0.083398	
-0.000000	
0.000000	
0.066695	
0.000000	
0.000000	
0.143537	
0.000000	
0.000000	
0.000000	
0.000000	
0.296770	
0.000000	
0.000000	
0.000000	
0.000000	
0.000000	
0.091072	
0.102088	
0.000000	
0.000000	
0.000000	
-0.000000	
0.101594	
0.000000	
0.000000	
0.000000	
0.000000	
0.000000	
0.000000	
0.000000	
0.000000	
-0.000000	
0.112900	
0.000000	
0.001948	
0.000000	
0.000000	
-0.000000	
0.000000	
-0.000000	
0.000000	
0.000000	
-0.000000	
0.000000	
0.000000	
-0.000000	
0.000000	
0.000000	
0.000000	
-0.000000	
0.000000	
0.000000	
0.000000	
0.000000	
0.000000	
