0.169743	
0.000000	
0.000000	
0.054262	
0.000000	
0.000000	
0.138969	
0.000000	
0.000000	
0.000000	
0.000000	
0.226775	
0.000000	
0.000000	
0.000000	
0.000000	
0.000000	
0.057592	
0.086118	
0.000000	
0.000000	
0.000000	
0.000000	
0.073670	
0.000000	
0.000000	
0.000000	
0.000000	
-0.000000	
0.000000	
0.000000	
0.000000	
0.000000	
0.180408	
0.000000	
0.000000	
0.012462	
0.000000	
0.000000	
0.000000	
0.000000	
0.000000	
0.000000	
0.000000	
0.000000	
0.000000	
0.000000	
0.000000	
0.000000	
0.000000	
0.000000	
0.000000	
0.000000	
0.000000	
0.000000	
0.000000	
