0.068105	
0.000000	
0.028221	
0.079430	
0.000000	
0.000000	
0.116646	
0.000000	
0.000000	
0.000000	
0.000000	
0.315041	
0.000000	
0.000000	
0.000000	
0.000000	
0.000000	
0.085255	
0.103216	
0.000000	
0.000000	
0.000000	
0.000000	
0.105684	
0.000000	
0.000000	
0.000000	
0.000000	
0.000000	
0.000000	
0.000000	
0.000000	
0.000000	
0.083989	
0.000000	
0.014413	
0.000000	
0.000000	
0.000000	
0.000000	
0.000000	
-0.000000	
0.000000	
0.000000	
0.000000	
0.000000	
0.000000	
0.000000	
0.000000	
0.000000	
0.000000	
0.000000	
0.000000	
0.000000	
0.000000	
0.000000	
