0.097922	
0.000000	
0.010794	
0.079949	
0.000000	
0.000000	
0.126496	
0.000000	
0.000000	
0.000000	
0.000000	
0.302855	
0.000000	
0.000000	
0.000000	
0.000000	
0.000000	
0.078118	
0.097121	
0.000000	
0.000000	
0.000000	
0.000000	
0.083251	
0.000000	
0.000000	
0.000000	
0.000000	
0.000000	
0.000000	
0.000000	
0.000000	
0.000000	
0.123495	
0.000000	
0.000000	
0.000000	
0.000000	
0.000000	
0.000000	
0.000000	
0.000000	
0.000000	
0.000000	
0.000000	
0.000000	
0.000000	
0.000000	
0.000000	
0.000000	
0.000000	
0.000000	
0.000000	
0.000000	
0.000000	
0.000000	
