0.163703	
0.000000	
0.000000	
0.055275	
0.000000	
0.000000	
0.137260	
0.000000	
0.000000	
0.000000	
0.000000	
0.230532	
0.000000	
0.000000	
0.000000	
0.000000	
0.000000	
0.066328	
0.076156	
0.000000	
0.000000	
0.000000	
0.000000	
0.064273	
0.000000	
0.000000	
0.000000	
0.000000	
0.000000	
0.000000	
0.000000	
0.000000	
0.000000	
0.191723	
0.000000	
0.000000	
0.000000	
-0.000000	
0.000000	
-0.000000	
0.000000	
0.000000	
0.000000	
0.000000	
0.000000	
0.014752	
0.000000	
0.000000	
-0.000000	
0.000000	
0.000000	
0.000000	
0.000000	
0.000000	
0.000000	
0.000000	
