0.100496	
0.000000	
0.000000	
0.066600	
0.000000	
0.000000	
0.124141	
0.000000	
0.000000	
0.000000	
0.000000	
0.290244	
0.000000	
0.000000	
0.000000	
0.000000	
0.000000	
0.087613	
0.100394	
0.000000	
0.000000	
0.000000	
0.000000	
0.105869	
0.000000	
0.000000	
0.000000	
-0.000000	
0.000000	
0.000000	
0.000000	
0.000000	
0.000000	
0.120597	
0.000000	
0.000000	
0.000000	
0.000000	
0.000000	
0.000000	
0.000000	
0.000000	
0.000000	
0.000000	
0.000000	
0.004046	
0.000000	
0.000000	
0.000000	
-0.000000	
0.000000	
0.000000	
0.000000	
0.000000	
0.000000	
0.000000	
