0.087641	
0.000000	
0.017555	
0.078754	
0.000000	
0.000000	
0.127300	
0.000000	
0.000000	
0.000000	
0.000000	
0.306562	
0.000000	
-0.000000	
0.000000	
0.000000	
0.000000	
0.084883	
0.099807	
0.000000	
0.000000	
0.000000	
0.000000	
0.094958	
0.000000	
0.000000	
0.000000	
0.000000	
0.000000	
0.000000	
0.000000	
0.000000	
-0.000000	
0.087943	
0.000000	
0.014597	
0.000000	
0.000000	
0.000000	
0.000000	
0.000000	
0.000000	
0.000000	
0.000000	
0.000000	
0.000000	
0.000000	
0.000000	
0.000000	
0.000000	
0.000000	
0.000000	
0.000000	
0.000000	
0.000000	
0.000000	
