0.157947	
0.000000	
0.000000	
0.056187	
0.000000	
0.000000	
0.124231	
0.000000	
0.000000	
0.000000	
0.000000	
0.231929	
0.000000	
0.000000	
0.000000	
0.000000	
0.000000	
0.082445	
0.089683	
0.000000	
0.000000	
0.000000	
0.000000	
0.096134	
0.000000	
0.000000	
0.000000	
0.000000	
0.000000	
0.000000	
-0.000000	
0.000000	
0.000000	
0.161443	
0.000000	
0.000000	
0.000000	
0.000000	
0.000000	
0.000000	
0.000000	
0.000000	
0.000000	
0.000000	
-0.000000	
0.000000	
0.000000	
0.000000	
0.000000	
0.000000	
0.000000	
0.000000	
0.000000	
0.000000	
0.000000	
0.000000	
