0.095715	
0.000000	
0.020018	
0.072554	
0.000000	
-0.000000	
0.113852	
0.000000	
0.000000	
0.000000	
0.000000	
0.324178	
0.000000	
0.000000	
0.000000	
0.000000	
0.000000	
0.093779	
0.103467	
0.000000	
0.000000	
0.000000	
0.000000	
0.068505	
0.000000	
0.000000	
0.000000	
0.000000	
0.000000	
0.000000	
0.000000	
0.000000	
0.000000	
0.085021	
0.000000	
0.022910	
0.000000	
0.000000	
0.000000	
-0.000000	
0.000000	
0.000000	
0.000000	
0.000000	
-0.000000	
0.000000	
0.000000	
0.000000	
0.000000	
0.000000	
0.000000	
0.000000	
0.000000	
0.000000	
0.000000	
0.000000	
