0.086696	
0.000000	
-0.000000	
-0.000000	
0.000000	
0.000000	
0.000000	
-0.000000	
-0.000000	
-0.000000	
-0.000000	
-0.000000	
0.000000	
-0.000000	
-0.000000	
-0.000000	
-0.000000	
0.000000	
-0.000000	
0.000000	
-0.000000	
-0.000000	
-0.000000	
-0.000000	
-0.000000	
-0.000000	
-0.000000	
-0.000000	
0.060245	
-0.000000	
-0.000000	
0.000000	
0.000000	
-0.000000	
-0.000000	
-0.000000	
-0.000000	
-0.000000	
0.000000	
-0.000000	
-0.000000	
0.000000	
0.000000	
0.000000	
-0.000000	
0.057514	
-0.000000	
0.000000	
0.000000	
-0.000000	
-0.000000	
0.000000	
0.000000	
0.000000	
-0.000000	
0.000000	
-0.000000	
-0.000000	
-0.000000	
-0.000000	
-0.000000	
0.132527	
-0.000000	
0.000000	
-0.000000	
-0.000000	
0.000000	
-0.000000	
-0.000000	
-0.000000	
0.000000	
-0.000000	
0.000000	
-0.000000	
0.000000	
0.000000	
-0.000000	
-0.000000	
0.000000	
0.000000	
0.000000	
-0.000000	
-0.000000	
-0.000000	
0.000000	
-0.000000	
0.056069	
0.000000	
-0.000000	
-0.000000	
0.000000	
-0.000000	
0.000000	
0.000000	
-0.000000	
-0.000000	
-0.000000	
-0.000000	
-0.000000	
0.000324	
-0.000000	
0.000000	
0.000000	
-0.000000	
-0.000000	
-0.000000	
-0.000000	
-0.000000	
-0.000000	
-0.000000	
-0.000000	
-0.000000	
-0.000000	
-0.000000	
-0.000000	
0.000000	
-0.000000	
-0.000000	
-0.000000	
-0.000000	
0.097529	
-0.000000	
0.000000	
-0.000000	
-0.000000	
0.000000	
-0.000000	
-0.000000	
-0.000000	
0.000000	
-0.000000	
0.000000	
-0.000000	
-0.000000	
-0.000000	
-0.000000	
0.000000	
-0.000000	
0.000000	
-0.000000	
-0.000000	
-0.000000	
0.000000	
-0.000000	
0.000000	
-0.000000	
0.000000	
0.096857	
0.000000	
0.000000	
0.000000	
-0.000000	
-0.000000	
-0.000000	
-0.000000	
-0.000000	
-0.000000	
0.000000	
0.000000	
0.000000	
0.000000	
-0.000000	
-0.000000	
-0.000000	
0.000000	
0.009041	
0.000000	
-0.000000	
-0.000000	
0.000000	
-0.000000	
0.020992	
0.000000	
-0.000000	
-0.000000	
0.020022	
-0.000000	
-0.000000	
-0.000000	
-0.000000	
0.000000	
-0.000000	
-0.000000	
-0.000000	
-0.000000	
0.000000	
0.000000	
-0.000000	
-0.000000	
0.000000	
0.014589	
-0.000000	
0.000000	
-0.000000	
-0.000000	
0.000000	
-0.000000	
0.000000	
0.000000	
0.000000	
0.048231	
-0.000000	
-0.000000	
-0.000000	
-0.000000	
0.000000	
0.000000	
0.000000	
-0.000000	
-0.000000	
0.021548	
-0.000000	
-0.000000	
-0.000000	
-0.000000	
0.048521	
-0.000000	
-0.000000	
-0.000000	
0.000000	
-0.000000	
0.000000	
0.000000	
-0.000000	
-0.000000	
-0.000000	
-0.000000	
-0.000000	
-0.000000	
-0.000000	
-0.000000	
-0.000000	
-0.000000	
-0.000000	
-0.000000	
0.000000	
0.000000	
-0.000000	
-0.000000	
-0.000000	
-0.000000	
-0.000000	
-0.000000	
0.000000	
-0.000000	
-0.000000	
-0.000000	
-0.000000	
-0.000000	
-0.000000	
-0.000000	
-0.000000	
-0.000000	
-0.000000	
-0.000000	
-0.000000	
0.000000	
0.000000	
-0.000000	
-0.000000	
-0.000000	
-0.000000	
0.000000	
-0.000000	
0.000000	
-0.000000	
-0.000000	
-0.000000	
0.000000	
-0.000000	
-0.000000	
0.000000	
-0.000000	
-0.000000	
0.000000	
0.000000	
0.000000	
-0.000000	
0.000000	
-0.000000	
-0.000000	
0.000000	
-0.000000	
-0.000000	
0.000000	
0.000000	
-0.000000	
0.204003	
-0.000000	
-0.000000	
0.000000	
0.000000	
-0.000000	
-0.000000	
-0.000000	
-0.000000	
-0.000000	
0.000000	
0.000000	
0.000000	
-0.000000	
-0.000000	
-0.000000	
0.000000	
-0.000000	
-0.000000	
-0.000000	
-0.000000	
-0.000000	
0.000000	
-0.000000	
0.000000	
0.000000	
-0.000000	
-0.000000	
0.000000	
-0.000000	
0.000000	
-0.000000	
-0.000000	
-0.000000	
0.000000	
0.000000	
-0.000000	
0.000000	
-0.000000	
-0.000000	
0.000000	
0.000000	
-0.000000	
-0.000000	
-0.000000	
0.000000	
-0.000000	
0.000000	
-0.000000	
-0.000000	
-0.000000	
-0.000000	
0.000000	
-0.000000	
0.000000	
0.000000	
0.000000	
-0.000000	
-0.000000	
0.000000	
-0.000000	
0.000000	
-0.000000	
-0.000000	
-0.000000	
-0.000000	
0.000000	
0.025292	
-0.000000	
0.000000	
-0.000000	
0.000000	
0.000000	
-0.000000	
0.000000	
0.000000	
-0.000000	
-0.000000	
-0.000000	
0.000000	
0.000000	
-0.000000	
-0.000000	
-0.000000	
-0.000000	
-0.000000	
-0.000000	
0.000000	
0.000000	
-0.000000	
0.000000	
0.000000	
-0.000000	
-0.000000	
-0.000000	
-0.000000	
-0.000000	
-0.000000	
0.000000	
-0.000000	
-0.000000	
0.000000	
-0.000000	
0.000000	
-0.000000	
0.000000	
0.000000	
-0.000000	
0.000000	
-0.000000	
-0.000000	
-0.000000	
0.000000	
-0.000000	
0.000000	
-0.000000	
-0.000000	
-0.000000	
-0.000000	
-0.000000	
-0.000000	
-0.000000	
-0.000000	
-0.000000	
0.000000	
-0.000000	
0.000000	
0.000000	
-0.000000	
-0.000000	
-0.000000	
-0.000000	
-0.000000	
-0.000000	
-0.000000	
-0.000000	
-0.000000	
-0.000000	
-0.000000	
-0.000000	
0.000000	
-0.000000	
-0.000000	
-0.000000	
0.000000	
-0.000000	
-0.000000	
-0.000000	
-0.000000	
0.000000	
-0.000000	
-0.000000	
0.000000	
0.000000	
-0.000000	
