0.0014900116	
0.0000000000	
0.1448269987	
-0.0000000000	
0.0000000000	
0.0000000000	
0.1816383056	
0.0000000000	
-0.0000000000	
0.0000000000	
-0.0000000000	
0.4161417350	
0.0000000000	
0.0000000000	
0.0000000000	
0.0000000000	
-0.0000000000	
-0.0000000000	
0.0438502574	
0.0000000000	
0.0000000000	
0.0000000000	
0.0000000000	
0.1596981047	
0.0000000000	
0.0000000000	
-0.0000000000	
0.0000000000	
0.0000000000	
0.0000000000	
0.0000000000	
-0.0000000000	
0.0000000000	
0.0523545871	
0.0000000000	
0.0000000000	
0.0000000000	
0.0000000000	
0.0000000000	
0.0000000000	
0.0000000000	
0.0000000000	
-0.0000000000	
0.0000000000	
0.0000000000	
0.0000000000	
-0.0000000000	
-0.0000000000	
0.0000000000	
0.0000000000	
-0.0000000000	
0.0000000000	
0.0000000000	
0.0000000000	
0.0000000000	
0.0000000000	
