-0.0000000000	
-0.0000000000	
0.1197674164	
0.0306595340	
0.0000000000	
0.0000000000	
0.1440347547	
0.0000000000	
-0.0000000000	
-0.0000000000	
0.0000000000	
0.3692679753	
0.0000000000	
-0.0000000000	
-0.0000000000	
0.0000000000	
-0.0000000000	
-0.0000000000	
0.0864183958	
-0.0000000000	
-0.0000000000	
0.0000000000	
-0.0000000000	
0.1114556292	
0.0000000000	
0.0000000000	
0.0000000000	
0.0000000000	
0.0000000000	
-0.0000000000	
0.0000000000	
-0.0000000000	
0.0000000000	
0.1383962946	
-0.0000000000	
-0.0000000000	
-0.0000000000	
0.0000000000	
-0.0000000000	
0.0000000000	
0.0000000000	
-0.0000000000	
-0.0000000000	
0.0000000000	
0.0000000000	
0.0000000000	
-0.0000000000	
0.0000000000	
0.0000000000	
-0.0000000000	
0.0000000000	
-0.0000000000	
0.0000000000	
0.0000000000	
-0.0000000000	
0.0000000000	
