0.0436306225	
0.0000000001	
0.1450398205	
0.0000000001	
0.0000000001	
0.0000000001	
0.1606101858	
0.0000000001	
0.0000000001	
0.0000000001	
0.0000000001	
0.3471113257	
0.0000000001	
0.0000000001	
0.0000000001	
0.0000000001	
0.0000000001	
0.0000000001	
0.0912552460	
0.0000000001	
0.0000000001	
0.0000000001	
0.0000000001	
0.1341815287	
0.0000000001	
0.0000000001	
0.0000000001	
0.0000000001	
0.0000000001	
0.0000000001	
0.0000000001	
0.0000000001	
0.0000000001	
0.0781712579	
0.0000000001	
0.0000000079	
0.0000000001	
0.0000000001	
0.0000000001	
0.0000000008	
0.0000000001	
0.0000000001	
0.0000000001	
0.0000000001	
0.0000000001	
0.0000000001	
0.0000000001	
0.0000000001	
0.0000000001	
0.0000000001	
0.0000000001	
0.0000000001	
0.0000000001	
0.0000000001	
0.0000000001	
0.0000000001	
