0.0262494376	
0.0000000000	
0.1610718642	
0.0000000000	
0.0000000000	
0.0000000000	
0.1406269205	
0.0000000000	
0.0000000000	
0.0000000000	
0.0000000000	
0.3232474501	
0.0000000000	
0.0000000000	
0.0000000000	
0.0000000000	
0.0000000000	
0.0000000000	
0.1092124627	
0.0000000000	
0.0000000000	
0.0000000000	
0.0000000000	
0.1269645175	
0.0000000000	
0.0000000000	
0.0000000000	
0.0000000000	
0.0000000000	
0.0000000000	
0.0000000000	
0.0000000000	
0.0000000000	
0.0511310232	
0.0000000000	
0.0614963242	
0.0000000000	
0.0000000000	
0.0000000000	
0.0000000000	
0.0000000000	
0.0000000000	
-0.0000000000	
0.0000000000	
0.0000000000	
0.0000000000	
0.0000000000	
0.0000000000	
0.0000000000	
0.0000000000	
0.0000000000	
0.0000000000	
0.0000000000	
0.0000000000	
0.0000000000	
0.0000000000	
