0.0583816241	
0.0000000000	
0.1524962269	
0.0000000000	
0.0000000000	
0.0000000000	
0.1616276489	
0.0000000000	
0.0000000000	
0.0000000000	
-0.0000000000	
0.3381319497	
0.0000000000	
0.0000000000	
0.0000000000	
0.0000000000	
0.0000000000	
0.0000000000	
0.0923815567	
0.0000000000	
-0.0000000000	
0.0000000000	
0.0000000000	
0.1336916150	
0.0000000000	
0.0000000000	
0.0000000000	
0.0000000000	
0.0000000000	
0.0000000000	
0.0000000000	
0.0000000000	
0.0000000000	
0.0632893788	
0.0000000000	
-0.0000000000	
0.0000000000	
-0.0000000000	
0.0000000000	
-0.0000000000	
0.0000000000	
0.0000000000	
-0.0000000000	
0.0000000000	
0.0000000000	
0.0000000000	
0.0000000000	
-0.0000000000	
0.0000000000	
-0.0000000000	
-0.0000000000	
-0.0000000000	
-0.0000000000	
0.0000000000	
0.0000000000	
0.0000000000	
