0.0000000000	
0.0000000000	
0.1939502683	
0.0474643441	
0.0000000000	
0.0000000000	
0.0601899111	
0.0000000000	
0.0000000000	
0.0000000000	
0.0000000000	
0.4301279706	
0.0000000000	
0.0000000000	
0.0000000000	
0.0000000000	
0.0000000000	
0.0104871398	
0.0638280141	
-0.0000000000	
0.0000000000	
0.0000000000	
0.0000000000	
0.0947547356	
0.0000000000	
0.0000000000	
0.0000000000	
0.0000000000	
0.0000000000	
-0.0000000000	
0.0000000000	
0.0000000000	
0.0000000000	
0.0991976163	
0.0000000000	
-0.0000000000	
0.0000000000	
0.0000000000	
0.0000000000	
0.0000000000	
0.0000000000	
0.0000000000	
0.0000000000	
0.0000000000	
0.0000000000	
0.0000000000	
0.0000000000	
0.0000000000	
0.0000000000	
0.0000000000	
0.0000000000	
0.0000000000	
0.0000000000	
0.0000000000	
0.0000000000	
0.0000000000	
