0.0565831633	
0.0000000000	
0.1562898125	
0.0000000000	
0.0000000000	
0.0000000000	
0.1616339899	
0.0000000000	
0.0000000000	
0.0000000000	
0.0000000000	
0.3389602172	
0.0000000000	
0.0000000000	
0.0000000000	
0.0000000000	
0.0000000000	
0.0000000000	
0.0928326488	
0.0000000000	
0.0000000000	
0.0000000000	
0.0000000000	
0.1328102042	
0.0000000000	
0.0000000000	
0.0000000000	
0.0000000000	
0.0000000000	
-0.0000000000	
0.0000000000	
0.0000000000	
0.0000000000	
0.0608899641	
0.0000000000	
0.0000000000	
0.0000000000	
0.0000000000	
0.0000000000	
0.0000000000	
0.0000000000	
0.0000000000	
0.0000000000	
0.0000000000	
0.0000000000	
0.0000000000	
0.0000000000	
0.0000000000	
0.0000000000	
-0.0000000000	
0.0000000000	
0.0000000000	
0.0000000000	
0.0000000000	
0.0000000000	
0.0000000000	
