0.0566043152	
0.0000000000	
0.1666934032	
0.0008088638	
0.0000000000	
0.0000000000	
0.1009414505	
0.0000000000	
-0.0000000000	
0.0052217390	
0.0000000000	
0.2458451570	
0.0000000000	
0.0000000000	
0.0000000038	
0.0000000000	
0.0000000000	
0.0065816117	
0.1311595877	
0.0000000000	
0.0000000000	
0.0000000000	
0.0000000000	
0.1995844049	
0.0000000000	
0.0000000000	
0.0000000000	
0.0000000000	
0.0000000000	
0.0000000000	
0.0000000000	
0.0000000000	
0.0000000000	
0.0415775865	
0.0000000000	
0.0178492643	
0.0000000000	
0.0000000000	
0.0000000000	
0.0000000000	
0.0000000000	
0.0000000000	
0.0000000000	
0.0000000000	
0.0000000000	
0.0025845802	
0.0000000000	
0.0000000000	
0.0000000000	
0.0000000000	
0.0000000000	
0.0245480323	
0.0000000000	
0.0000000000	
0.0000000000	
0.0000000000	
