0.0000000000	
0.0000000000	
0.0940925671	
0.0310172114	
-0.0000000000	
0.0000000000	
0.1491549881	
-0.0000000000	
0.0000000000	
-0.0000000000	
0.0000000000	
0.3823627361	
0.0000000000	
-0.0000000000	
0.0000000000	
-0.0000000000	
-0.0000000000	
0.0197795866	
0.0432889931	
-0.0000000000	
-0.0000000000	
-0.0000000000	
0.0000000000	
0.1316200197	
0.0000000000	
-0.0000000000	
0.0000000000	
0.0000000000	
-0.0000000000	
0.0000000000	
0.0000000000	
0.0000000000	
0.0000000000	
0.1486838978	
0.0000000000	
-0.0000000000	
0.0000000000	
0.0000000000	
-0.0000000000	
0.0000000000	
0.0000000000	
0.0000000000	
0.0000000000	
0.0000000000	
-0.0000000000	
0.0000000000	
-0.0000000000	
-0.0000000000	
-0.0000000000	
0.0000000000	
0.0000000000	
-0.0000000000	
0.0000000000	
0.0000000000	
-0.0000000000	
-0.0000000000	
