0.0362515677	
0.0000000000	
0.1915486169	
0.0000000000	
-0.0000000000	
0.0000000000	
0.0818321009	
0.0000000000	
0.0000000000	
0.0000000000	
0.0000000000	
0.3973308745	
0.0000000000	
0.0000000000	
0.0000000000	
0.0000000000	
0.0000000000	
0.0217943366	
0.0080239637	
0.0000000000	
0.0000000000	
0.0000000000	
0.0000000000	
0.1337967895	
0.0000000000	
0.0000000000	
0.0000000000	
0.0000000000	
0.0000000000	
0.0000000000	
0.0000000000	
0.0000000000	
0.0000000000	
0.1294217502	
0.0000000000	
0.0000000000	
0.0000000000	
0.0000000000	
0.0000000000	
0.0000000000	
0.0000000000	
0.0000000000	
0.0000000000	
0.0000000000	
0.0000000000	
0.0000000000	
0.0000000000	
0.0000000000	
0.0000000000	
0.0000000000	
0.0000000000	
0.0000000000	
0.0000000000	
0.0000000000	
0.0000000000	
0.0000000000	
