0.0065710786	
0.0000000000	
0.0932356724	
0.0341732401	
0.0000000000	
0.0000000000	
0.1502484969	
-0.0000000000	
-0.0000000000	
0.0000000000	
0.0000000000	
0.3775416639	
0.0000000000	
0.0000000000	
0.0000000000	
0.0000000000	
0.0000000000	
0.0240976003	
0.0379999749	
0.0000000000	
-0.0000000000	
0.0000000000	
0.0000000000	
0.1274120769	
0.0000000000	
0.0000000000	
0.0000000000	
0.0000000000	
0.0000000000	
0.0000000000	
0.0000000000	
0.0000000000	
0.0000000000	
0.1487201959	
-0.0000000000	
-0.0000000000	
-0.0000000000	
0.0000000000	
0.0000000000	
0.0000000000	
0.0000000000	
-0.0000000000	
0.0000000000	
0.0000000000	
0.0000000000	
0.0000000000	
0.0000000000	
0.0000000000	
-0.0000000000	
0.0000000000	
0.0000000000	
0.0000000000	
0.0000000000	
-0.0000000000	
-0.0000000000	
0.0000000000	
