0.0078944040	
0.0000000000	
0.0918601251	
0.0272783844	
0.0000000000	
-0.0000000000	
0.1603681918	
-0.0000000000	
-0.0000000000	
0.0000000000	
0.0000000000	
0.3757561845	
-0.0000000000	
0.0000000000	
0.0000000000	
0.0000000000	
-0.0000000000	
0.0214264582	
0.0440601581	
0.0000000000	
0.0000000000	
-0.0000000000	
0.0000000000	
0.1224888795	
-0.0000000000	
0.0000000000	
0.0000000000	
0.0000000000	
0.0000000000	
-0.0000000000	
-0.0000000000	
-0.0000000000	
-0.0000000000	
0.1488672143	
0.0000000000	
0.0000000000	
-0.0000000000	
-0.0000000000	
0.0000000000	
-0.0000000000	
-0.0000000000	
0.0000000000	
-0.0000000000	
-0.0000000000	
0.0000000000	
-0.0000000000	
0.0000000000	
-0.0000000000	
0.0000000000	
-0.0000000000	
-0.0000000000	
0.0000000000	
0.0000000000	
0.0000000000	
0.0000000000	
-0.0000000000	
