0.0422829085	
0.0000000000	
0.0758795152	
0.0339734933	
0.0000000000	
0.0000000000	
0.1605422457	
-0.0000000000	
-0.0000000000	
0.0000000000	
-0.0000000000	
0.4051265745	
0.0000000000	
0.0000000000	
0.0000000000	
0.0000000000	
0.0000000000	
0.0494334561	
0.0000001952	
-0.0000000000	
-0.0000000000	
0.0000000000	
0.0000000000	
0.0813754584	
-0.0000000000	
0.0000000000	
0.0000000000	
-0.0000000000	
0.0000000000	
0.0000000000	
-0.0000000000	
0.0000000000	
0.0000000000	
0.1513861532	
0.0000000000	
0.0000000000	
-0.0000000000	
-0.0000000000	
0.0000000000	
0.0000000000	
0.0000000000	
-0.0000000000	
-0.0000000000	
0.0000000000	
0.0000000000	
0.0000000000	
-0.0000000000	
0.0000000000	
0.0000000000	
0.0000000000	
0.0000000000	
0.0000000000	
0.0000000000	
0.0000000000	
0.0000000000	
-0.0000000000	
