0.1120814974	
0.0000000000	
0.0822259337	
0.0526267040	
0.0000000000	
0.0000000000	
0.1179807513	
0.0000000000	
0.0000000000	
0.0000000000	
0.0000000000	
0.3455729447	
0.0000000000	
0.0000000000	
0.0000000000	
0.0000000000	
0.0000000000	
0.0145724930	
0.0628506128	
0.0000000000	
0.0000000000	
0.0000000000	
0.0000000000	
0.0797409403	
0.0000000000	
0.0000000000	
0.0000000000	
0.0000000000	
0.0000000000	
0.0000000000	
0.0000000000	
0.0000000000	
0.0000000000	
0.1323481228	
0.0000000000	
0.0000000000	
0.0000000000	
0.0000000000	
0.0000000000	
0.0000000000	
0.0000000000	
0.0000000000	
0.0000000000	
0.0000000000	
0.0000000000	
0.0000000000	
0.0000000000	
0.0000000000	
0.0000000000	
0.0000000000	
0.0000000000	
0.0000000000	
0.0000000000	
0.0000000000	
0.0000000000	
0.0000000000	
