0.0150876905	
-0.0000000000	
0.0842950128	
0.0482209753	
0.0000000000	
-0.0000000000	
0.1463677337	
0.0000000000	
-0.0000000000	
-0.0000000000	
-0.0000000000	
0.3772922389	
0.0000000000	
-0.0000000000	
0.0000000000	
0.0000000000	
0.0000000000	
0.0321947662	
0.0509531783	
0.0000000000	
0.0000000000	
-0.0000000000	
-0.0000000000	
0.1074994002	
0.0000000000	
0.0000000000	
0.0000000000	
0.0000000000	
0.0000000000	
0.0000000000	
0.0000000000	
0.0000000000	
0.0000000000	
0.1380890041	
-0.0000000000	
0.0000000000	
-0.0000000000	
0.0000000000	
0.0000000000	
0.0000000000	
0.0000000000	
0.0000000000	
0.0000000000	
0.0000000000	
0.0000000000	
0.0000000000	
0.0000000000	
-0.0000000000	
0.0000000000	
0.0000000000	
-0.0000000000	
0.0000000000	
0.0000000000	
0.0000000000	
0.0000000000	
0.0000000000	
