0.1614626449	
0.0000000000	
0.0554845274	
0.0540640888	
0.0000000000	
0.0000000000	
0.1487909476	
0.0000000000	
0.0000000000	
0.0000000000	
0.0000000000	
0.2765256715	
0.0000000000	
0.0000000000	
0.0000000000	
0.0000000000	
0.0000000000	
0.0287822708	
0.0813135909	
0.0000000000	
0.0000000000	
0.0000000000	
0.0000000000	
0.0486166740	
0.0000000000	
0.0000000000	
0.0000000000	
0.0000000000	
0.0000000000	
0.0000000000	
0.0000000000	
0.0000000000	
0.0000000000	
0.1449595842	
0.0000000000	
0.0000000000	
0.0000000000	
0.0000000000	
0.0000000000	
0.0000000000	
0.0000000000	
0.0000000000	
0.0000000000	
0.0000000000	
0.0000000000	
0.0000000000	
0.0000000000	
0.0000000000	
0.0000000000	
0.0000000000	
0.0000000000	
0.0000000000	
0.0000000000	
0.0000000000	
0.0000000000	
0.0000000000	
