0.1616222760	
0.0000000000	
0.0419187551	
0.0548829770	
0.0000000000	
0.0000000000	
0.1297230155	
0.0000000000	
0.0000000000	
0.0000000000	
0.0000000000	
0.3017008323	
0.0000000000	
0.0000000000	
0.0000000000	
0.0000000000	
0.0000000000	
0.0234848824	
0.0780091889	
0.0000000000	
0.0000000000	
0.0000000000	
0.0000000000	
0.0583790421	
0.0000000000	
0.0000000000	
0.0000000000	
0.0000000000	
0.0000000000	
0.0000000000	
0.0000000000	
0.0000000000	
0.0000000000	
0.1444629173	
0.0000000000	
0.0000000000	
0.0000000000	
-0.0000000000	
-0.0000000000	
0.0000000000	
0.0000000000	
0.0000000000	
0.0000000000	
0.0000000000	
0.0000000000	
0.0058161129	
0.0000000000	
0.0000000000	
0.0000000000	
0.0000000000	
0.0000000000	
0.0000000000	
0.0000000000	
0.0000000000	
0.0000000000	
0.0000000000	
