0.1043435435	
0.0000000000	
0.0449300007	
0.0461147707	
0.0000000000	
0.0000000000	
0.1614202103	
0.0000000000	
0.0000000000	
0.0000000000	
0.0000000000	
0.3349833215	
0.0000000000	
0.0000000000	
0.0000000000	
0.0000000000	
0.0000000000	
0.0698438154	
0.0456556811	
0.0000000000	
0.0000000000	
0.0000000000	
0.0000000000	
0.0360535482	
0.0000000000	
0.0000000000	
-0.0000000000	
0.0000000000	
0.0000000000	
0.0000000000	
0.0000000000	
0.0000000000	
0.0000000000	
0.1566551085	
0.0000000000	
0.0000000000	
0.0000000000	
0.0000000000	
0.0000000000	
0.0000000000	
0.0000000000	
0.0000000000	
0.0000000000	
0.0000000000	
0.0000000000	
0.0000000000	
0.0000000000	
0.0000000000	
0.0000000000	
0.0000000000	
0.0000000000	
0.0000000000	
0.0000000000	
0.0000000000	
0.0000000000	
-0.0000000000	
