0.1853841541	
0.0000000000	
0.0368710800	
0.0537661497	
0.0000000000	
0.0000000000	
0.1627234837	
0.0000000000	
0.0000000000	
0.0000000000	
0.0000000000	
0.2536958020	
-0.0000000000	
0.0000000000	
0.0000000000	
0.0000000000	
0.0000000000	
0.0376303124	
0.0752555335	
0.0000000000	
0.0000000000	
0.0000000000	
-0.0000000000	
0.0088806407	
0.0000000000	
0.0000000000	
0.0000000000	
0.0000000000	
0.0000000000	
0.0000000000	
0.0000000000	
0.0000000000	
0.0000000000	
0.1857928440	
0.0000000000	
0.0000000000	
0.0000000000	
0.0000000000	
0.0000000000	
0.0000000000	
0.0000000000	
-0.0000000000	
0.0000000000	
0.0000000000	
0.0000000000	
0.0000000000	
0.0000000000	
0.0000000000	
0.0000000000	
0.0000000000	
0.0000000000	
0.0000000000	
-0.0000000000	
0.0000000000	
0.0000000000	
0.0000000000	
