0.1274770870	
-0.0000000000	
0.0607341631	
0.0503768318	
-0.0000000000	
0.0000000000	
0.1138444872	
0.0000000000	
0.0000000000	
0.0000000000	
0.0000000000	
0.3660839994	
-0.0000000000	
-0.0000000000	
0.0000000000	
0.0000000000	
0.0000000000	
0.0431062044	
0.0455982354	
-0.0000000000	
-0.0000000000	
-0.0000000000	
0.0000000000	
0.0617526228	
0.0000000000	
0.0000000000	
-0.0000000000	
0.0000000000	
-0.0000000000	
0.0000000000	
0.0000000000	
0.0000000000	
-0.0000000000	
0.1310263689	
-0.0000000000	
-0.0000000000	
0.0000000000	
0.0000000000	
0.0000000000	
0.0000000000	
-0.0000000000	
-0.0000000000	
0.0000000000	
0.0000000000	
0.0000000000	
0.0000000000	
-0.0000000000	
0.0000000000	
-0.0000000000	
0.0000000000	
0.0000000000	
0.0000000000	
0.0000000000	
-0.0000000000	
0.0000000000	
-0.0000000000	
