0.1379594807	
0.0000000000	
0.0333687539	
0.0482326290	
0.0000000000	
0.0000000000	
0.1751084394	
0.0000000000	
0.0000000000	
0.0000000000	
0.0000000000	
0.2892484468	
0.0000000000	
0.0000000000	
0.0000000000	
0.0000000000	
0.0000000000	
0.0598464006	
0.0566169599	
0.0000000000	
0.0000000000	
0.0000000000	
0.0000000000	
0.0081403970	
0.0000000000	
0.0000000000	
0.0000000000	
0.0000000000	
0.0000000000	
0.0000000000	
0.0000000000	
0.0000000000	
-0.0000000000	
0.1914784927	
0.0000000000	
0.0000000000	
0.0000000000	
0.0000000000	
0.0000000000	
0.0000000000	
0.0000000000	
0.0000000000	
0.0000000000	
0.0000000000	
0.0000000000	
0.0000000000	
0.0000000000	
0.0000000000	
0.0000000000	
0.0000000000	
0.0000000000	
0.0000000000	
0.0000000000	
0.0000000000	
0.0000000000	
0.0000000000	
