0.1571099618	
0.0000000000	
0.0530023102	
0.0494175289	
0.0000000000	
0.0000000000	
0.1553257073	
0.0000000000	
0.0000000000	
0.0000000000	
0.0000000000	
0.2619288955	
0.0000000000	
0.0000000000	
0.0000000000	
0.0000000000	
0.0000000000	
0.0323729213	
0.0863696519	
0.0000000000	
-0.0000000000	
0.0000000000	
0.0000000000	
0.0260964299	
0.0000000000	
0.0000000000	
-0.0000000000	
0.0000000000	
0.0000000000	
0.0000000000	
0.0000000000	
0.0000000000	
0.0000000000	
0.1783765931	
0.0000000000	
0.0000000001	
0.0000000000	
0.0000000000	
0.0000000000	
0.0000000000	
0.0000000000	
0.0000000000	
0.0000000000	
0.0000000000	
0.0000000000	
0.0000000000	
0.0000000000	
0.0000000000	
0.0000000000	
0.0000000000	
0.0000000000	
0.0000000000	
0.0000000000	
-0.0000000000	
0.0000000000	
0.0000000000	
