0.1110749023	
0.0000000000	
0.0558461525	
0.0484787805	
0.0000000000	
0.0000000000	
0.1200732044	
0.0000000000	
0.0000000000	
0.0000000000	
0.0000000000	
0.3781001425	
0.0000000000	
0.0000000000	
0.0000000000	
0.0000000000	
0.0000000000	
0.0497503172	
0.0393364648	
0.0000000000	
0.0000000000	
0.0000000000	
0.0000000000	
0.0591094492	
0.0000000000	
0.0000000000	
0.0000000000	
0.0000000000	
0.0000000000	
0.0000000000	
0.0000000000	
0.0000000000	
0.0000000000	
0.1382305866	
0.0000000000	
0.0000000000	
0.0000000000	
0.0000000000	
0.0000000000	
0.0000000000	
0.0000000000	
0.0000000000	
0.0000000000	
0.0000000000	
0.0000000000	
0.0000000000	
0.0000000000	
0.0000000000	
0.0000000000	
0.0000000000	
0.0000000000	
0.0000000000	
0.0000000000	
0.0000000000	
0.0000000000	
0.0000000000	
