0.1609219610	
0.0000000000	
0.0553103635	
0.0540252338	
-0.0000000000	
0.0000000000	
0.1490136861	
0.0000000000	
0.0000000000	
0.0000000000	
0.0000000000	
0.2767357775	
0.0000000000	
0.0000000000	
-0.0000000000	
0.0000000000	
0.0000000000	
0.0299993486	
0.0810517811	
0.0000000000	
0.0000000000	
-0.0000000000	
-0.0000000000	
0.0484741715	
0.0000000000	
0.0000000000	
0.0000000000	
0.0000000000	
0.0000000000	
0.0000000000	
0.0000000000	
-0.0000000000	
0.0000000000	
0.1444676770	
0.0000000000	
0.0000000000	
0.0000000000	
0.0000000000	
0.0000000000	
0.0000000000	
0.0000000000	
0.0000000000	
0.0000000000	
0.0000000000	
0.0000000000	
0.0000000000	
0.0000000000	
0.0000000000	
0.0000000000	
0.0000000000	
0.0000000000	
0.0000000000	
0.0000000000	
0.0000000000	
-0.0000000000	
-0.0000000000	
