0.1859938602	
0.0000000000	
0.0369922157	
0.0538915936	
0.0000000000	
0.0000000000	
0.1621704683	
0.0000000000	
-0.0000000000	
-0.0000000000	
0.0000000000	
0.2544184150	
0.0000000000	
-0.0000000000	
0.0000000000	
0.0000000000	
0.0000000000	
0.0361103377	
0.0751055608	
-0.0000000000	
0.0000000000	
-0.0000000000	
-0.0000000000	
0.0089262311	
0.0000000000	
0.0000000000	
-0.0000000000	
-0.0000000000	
0.0000000000	
0.0000000000	
0.0000000000	
-0.0000000000	
-0.0000000000	
0.1863913177	
0.0000000000	
0.0000000000	
0.0000000000	
0.0000000000	
0.0000000000	
-0.0000000000	
0.0000000000	
-0.0000000000	
-0.0000000000	
-0.0000000000	
-0.0000000000	
0.0000000000	
0.0000000000	
-0.0000000000	
-0.0000000000	
0.0000000000	
0.0000000000	
0.0000000000	
-0.0000000000	
-0.0000000000	
0.0000000000	
-0.0000000000	
