0.1789361908	
0.0000000000	
0.0310936854	
0.0501303411	
0.0000000000	
0.0000000000	
0.1636993868	
0.0000000000	
0.0000000000	
0.0000000000	
-0.0000000000	
0.2828317069	
0.0000000000	
0.0000000000	
0.0000000000	
0.0000000000	
0.0000000000	
0.0609560681	
0.0575269144	
0.0000000000	
0.0000000000	
0.0000000000	
0.0000000000	
0.0051852815	
-0.0000000000	
0.0000000000	
0.0000000000	
-0.0000000000	
0.0000000000	
0.0000000000	
0.0000000000	
0.0000000000	
0.0000000000	
0.1696404250	
0.0000000000	
-0.0000000000	
0.0000000000	
0.0000000000	
0.0000000000	
0.0000000000	
0.0000000000	
0.0000000000	
0.0000000000	
0.0000000000	
0.0000000000	
-0.0000000000	
0.0000000000	
0.0000000000	
0.0000000000	
0.0000000000	
0.0000000000	
0.0000000000	
0.0000000000	
0.0000000000	
0.0000000000	
0.0000000000	
