0.1508362452	
0.0000000000	
0.0179896548	
0.0541755105	
-0.0000000000	
0.0000000000	
0.1188626937	
0.0000000000	
0.0000000000	
0.0000000000	
0.0000000000	
0.2188508753	
0.0000000000	
0.0000000000	
0.0000000000	
0.0000000000	
0.0000000000	
0.0623348360	
0.0810011547	
0.0000000000	
0.0000000000	
0.0000000000	
-0.0000000000	
0.1113919854	
0.0000000000	
0.0000000000	
0.0000000000	
0.0000000000	
0.0000000000	
0.0000000000	
0.0000000000	
-0.0000000000	
0.0000000000	
0.1715322072	
0.0000000000	
0.0000000000	
0.0130248371	
-0.0000000000	
0.0000000000	
0.0000000000	
-0.0000000000	
0.0000000000	
0.0000000000	
0.0000000000	
0.0000000000	
0.0000000000	
0.0000000000	
0.0000000000	
0.0000000000	
0.0000000000	
0.0000000000	
0.0000000000	
0.0000000000	
0.0000000000	
0.0000000000	
0.0000000000	
