0.1607016249	
-0.0000000000	
0.0293011780	
0.0561899330	
-0.0000000000	
0.0000000000	
0.1162452289	
0.0000000000	
0.0000000000	
-0.0000000000	
0.0000000000	
0.2245246604	
0.0000000000	
0.0000000000	
0.0000000000	
0.0000000000	
0.0000000000	
0.0469564430	
0.0817544479	
0.0000000000	
0.0000000000	
0.0000000000	
-0.0000000000	
0.1024863118	
-0.0000000000	
-0.0000000000	
0.0000000000	
0.0000000000	
0.0000000000	
-0.0000000000	
-0.0000000000	
-0.0000000000	
0.0000000000	
0.1672561362	
0.0000000000	
0.0000000000	
0.0145840358	
0.0000000000	
0.0000000000	
0.0000000000	
0.0000000000	
-0.0000000000	
0.0000000000	
-0.0000000000	
0.0000000000	
0.0000000000	
0.0000000000	
0.0000000000	
0.0000000000	
0.0000000000	
0.0000000000	
-0.0000000000	
0.0000000000	
0.0000000000	
-0.0000000000	
0.0000000000	
