0.1525519068	
0.0000000000	
0.0152259199	
0.0534208641	
-0.0000000000	
-0.0000000000	
0.0879904259	
0.0000000000	
0.0000000000	
0.0000000000	
0.0000000000	
0.2868293825	
0.0000000000	
0.0000000000	
0.0000000000	
0.0000000000	
-0.0000000000	
0.0802506493	
0.0875833724	
0.0000000000	
-0.0000000000	
0.0000000000	
-0.0000000000	
0.0956676551	
0.0000000000	
-0.0000000000	
0.0000000000	
0.0000000000	
0.0000000000	
0.0000000000	
0.0000000000	
0.0000000000	
0.0000000000	
0.1358325483	
0.0000000000	
0.0046472757	
0.0000000000	
0.0000000000	
-0.0000000000	
0.0000000000	
0.0000000000	
0.0000000000	
0.0000000000	
0.0000000000	
0.0000000000	
0.0000000000	
-0.0000000000	
0.0000000000	
-0.0000000000	
0.0000000000	
0.0000000000	
-0.0000000000	
0.0000000000	
0.0000000000	
0.0000000000	
0.0000000000	
