0.1667026246	
0.0000000000	
0.0352988199	
0.0592072269	
0.0000000000	
0.0000000000	
0.1233773818	
0.0000000000	
-0.0000000000	
-0.0000000000	
0.0000000000	
0.2338474085	
0.0000000000	
0.0000000000	
0.0000000000	
0.0000000000	
0.0000000000	
0.0190518491	
0.0839378734	
0.0000000000	
0.0000000000	
0.0000000000	
0.0000000000	
0.0730318989	
0.0000000000	
0.0000000000	
0.0000000000	
0.0000000000	
0.0000000000	
0.0000000000	
0.0000000000	
0.0000000000	
0.0000000000	
0.1894014442	
0.0000000000	
0.0000000000	
0.0161434727	
0.0000000000	
0.0000000000	
0.0000000000	
0.0000000000	
0.0000000000	
0.0000000000	
0.0000000000	
0.0000000000	
0.0000000000	
0.0000000000	
0.0000000000	
0.0000000000	
0.0000000000	
-0.0000000000	
0.0000000000	
0.0000000000	
0.0000000000	
-0.0000000000	
0.0000000000	
