0.1601202469	
-0.0000000000	
0.0122849404	
0.0530110794	
0.0000000000	
-0.0000000000	
0.1092878936	
0.0000000000	
0.0000000000	
0.0000000000	
-0.0000000000	
0.2380903016	
-0.0000000000	
-0.0000000000	
0.0000000000	
0.0000000000	
-0.0000000000	
0.0841073272	
0.0855210188	
0.0000000000	
-0.0000000000	
0.0000000000	
0.0000000000	
0.0907476019	
0.0000000000	
0.0000000000	
0.0000000000	
0.0000000000	
0.0000000000	
0.0000000000	
-0.0000000000	
-0.0000000000	
-0.0000000000	
0.1668295900	
0.0000000000	
-0.0000000000	
0.0000000000	
-0.0000000000	
0.0000000000	
0.0000000000	
0.0000000000	
-0.0000000000	
-0.0000000000	
0.0000000000	
0.0000000000	
-0.0000000000	
0.0000000000	
0.0000000000	
0.0000000000	
0.0000000000	
0.0000000000	
-0.0000000000	
0.0000000000	
0.0000000000	
-0.0000000000	
0.0000000000	
