0.1324687351	
-0.0000000000	
0.0363925800	
0.0665031397	
-0.0000000000	
-0.0000000000	
0.0797236593	
0.0000000000	
0.0000000000	
0.0000000000	
-0.0000000000	
0.3474390499	
-0.0000000000	
0.0000000000	
0.0000000000	
0.0000000000	
-0.0000000000	
0.0769320726	
0.0861817126	
-0.0000000000	
0.0000000000	
0.0000000000	
-0.0000000000	
0.0520815399	
0.0000000000	
0.0000000000	
-0.0000000000	
-0.0000000000	
-0.0000000000	
-0.0000000000	
0.0000000000	
0.0000000000	
-0.0000000000	
0.1070807462	
0.0000000000	
0.0151967648	
0.0000000000	
-0.0000000000	
0.0000000000	
0.0000000000	
-0.0000000000	
0.0000000000	
0.0000000000	
0.0000000000	
0.0000000000	
0.0000000000	
0.0000000000	
-0.0000000000	
-0.0000000000	
0.0000000000	
0.0000000000	
0.0000000000	
0.0000000000	
0.0000000000	
0.0000000000	
-0.0000000000	
