0.023474	
0.032032	
0.057778	
0.049378	
0.012055	
0.006869	
0.032002	
0.010653	
0.024701	
0.021412	
0.004621	
0.038034	
0.014925	
0.016868	
0.021658	
0.017581	
0.005889	
0.035165	
0.042829	
0.017541	
0.002393	
0.015291	
0.008320	
0.031016	
0.014221	
0.002706	
0.025640	
0.000000	
0.010292	
0.009173	
0.000000	
0.011970	
0.010486	
0.028183	
0.004483	
0.026168	
0.012119	
0.011763	
0.009187	
0.038425	
0.028908	
0.003957	
0.008724	
0.023719	
0.013833	
0.023510	
0.008047	
0.018870	
0.016555	
0.027512	
0.008269	
0.019302	
0.016188	
0.004804	
0.001456	
0.019046	
