0.021884	
0.016991	
0.026224	
0.036631	
0.015809	
0.013919	
0.024598	
0.015064	
0.018882	
0.025806	
0.011062	
0.024368	
0.016345	
0.019682	
0.019666	
0.015107	
0.013975	
0.023391	
0.027243	
0.017651	
0.010981	
0.016769	
0.012523	
0.021645	
0.015454	
0.016560	
0.020294	
0.010279	
0.015675	
0.017467	
0.010949	
0.014584	
0.015570	
0.025457	
0.011960	
0.025433	
0.018602	
0.017750	
0.015951	
0.021688	
0.021238	
0.012507	
0.010766	
0.019211	
0.015975	
0.019601	
0.012512	
0.017300	
0.020601	
0.017083	
0.020063	
0.012103	
0.016471	
0.013148	
0.010773	
0.020760	
