0.027842	
0.014180	
0.042774	
0.065409	
0.009376	
0.005175	
0.037547	
0.009651	
0.023261	
0.036671	
0.000625	
0.034444	
0.011954	
0.020619	
0.021121	
0.012131	
0.007596	
0.035054	
0.041376	
0.018671	
0.000887	
0.012663	
0.003634	
0.026551	
0.013854	
0.012951	
0.025681	
0.000000	
0.010347	
0.016424	
0.000000	
0.009747	
0.009847	
0.035666	
0.003472	
0.036546	
0.016042	
0.016943	
0.011383	
0.028885	
0.032292	
0.004421	
0.003685	
0.023062	
0.010830	
0.020853	
0.005811	
0.014449	
0.025721	
0.018447	
0.022721	
0.010378	
0.013509	
0.001678	
0.001589	
0.023553	
