0.022069	
0.015516	
0.023937	
0.034334	
0.015599	
0.013510	
0.023302	
0.015472	
0.017586	
0.025921	
0.010859	
0.024180	
0.016135	
0.020129	
0.018643	
0.014059	
0.015096	
0.024299	
0.028831	
0.017657	
0.011726	
0.016554	
0.011429	
0.022429	
0.017019	
0.016879	
0.019619	
0.011609	
0.015723	
0.017670	
0.010926	
0.014872	
0.015806	
0.023255	
0.011014	
0.025935	
0.019870	
0.017783	
0.016932	
0.019944	
0.020087	
0.015066	
0.012148	
0.019470	
0.016361	
0.019889	
0.012622	
0.016871	
0.021465	
0.014552	
0.021578	
0.012921	
0.017348	
0.013753	
0.011990	
0.019747	
