0.020964	
0.017464	
0.025730	
0.035207	
0.015859	
0.014106	
0.022203	
0.016220	
0.018128	
0.025550	
0.011772	
0.024262	
0.015640	
0.020054	
0.016110	
0.013492	
0.015776	
0.023777	
0.028281	
0.017914	
0.011976	
0.016342	
0.012731	
0.021887	
0.016877	
0.016432	
0.019009	
0.011209	
0.015569	
0.017532	
0.010868	
0.014050	
0.015753	
0.021781	
0.010233	
0.025839	
0.019584	
0.017986	
0.017558	
0.020703	
0.020348	
0.015249	
0.011805	
0.019677	
0.016356	
0.019733	
0.013920	
0.016418	
0.021587	
0.015357	
0.021662	
0.012690	
0.017901	
0.013898	
0.011432	
0.019541	
