0.037376	
0.000000	
0.024881	
0.014949	
0.001439	
0.005488	
0.000000	
0.011130	
0.000965	
0.009192	
0.000000	
0.017606	
0.004708	
0.000000	
0.005418	
0.041956	
0.012063	
0.000937	
0.002411	
0.033014	
0.020829	
0.040558	
0.001220	
0.015386	
0.000000	
0.035862	
0.005350	
0.000000	
0.013206	
0.009988	
0.049006	
0.014726	
0.016040	
0.037161	
0.000000	
0.039183	
0.005114	
0.006335	
0.016976	
0.025917	
0.021975	
0.000000	
0.017818	
0.000000	
0.018717	
0.000000	
0.006356	
0.017175	
0.005747	
0.021622	
0.004512	
0.006771	
0.024179	
0.013446	
0.020600	
0.031447	
0.000000	
0.008463	
0.006666	
0.004408	
0.024496	
0.003668	
0.005052	
0.015125	
0.000000	
0.015114	
0.006759	
0.000000	
0.020272	
0.019195	
0.000862	
0.000000	
0.015636	
0.014726	
0.012703	
0.017405	
0.003414	
0.004915	
0.004711	
0.005051	
0.004603	
0.000000	
