0.027352	
0.002414	
0.025666	
0.016971	
0.001142	
0.006594	
0.000382	
0.017698	
0.004894	
0.011305	
0.003811	
0.021978	
0.000300	
0.001408	
0.005775	
0.034531	
0.013848	
0.004254	
0.008860	
0.045280	
0.016953	
0.041564	
0.002875	
0.015337	
0.000000	
0.030413	
0.004575	
0.001620	
0.017600	
0.009400	
0.040899	
0.017376	
0.010760	
0.038754	
0.000000	
0.027220	
0.009597	
0.009917	
0.014190	
0.026444	
0.017210	
0.003987	
0.018855	
0.000571	
0.014735	
0.000162	
0.007938	
0.028873	
0.006625	
0.024237	
0.003053	
0.007549	
0.031072	
0.007828	
0.023052	
0.029872	
0.000000	
0.009412	
0.009598	
0.009782	
0.020549	
0.000000	
0.007324	
0.009121	
0.000000	
0.012893	
0.001723	
0.000000	
0.018722	
0.018308	
0.001749	
0.000000	
0.013315	
0.010539	
0.005018	
0.016431	
0.006423	
0.000000	
0.008743	
0.000889	
0.003887	
0.000000	
