0.0000000000	
-0.0000000000	
0.2230072621	
-0.0000000000	
0.0000000000	
0.0000000000	
0.1877993942	
0.0000000000	
-0.0000000000	
-0.0000000000	
0.0000000000	
0.0000000000	
0.0184656653	
0.0000000000	
0.0000000000	
0.0000000000	
-0.0000000000	
0.0213453823	
-0.0000000000	
0.0000000000	
0.0000000000	
-0.0000000000	
-0.0000000000	
0.0000000000	
0.0000000000	
0.0000000000	
0.0000000000	
0.0000000000	
-0.0000000000	
0.0000000000	
0.0000000000	
0.0256868791	
0.0000000000	
-0.0000000000	
0.0000000000	
0.0000000000	
0.0000000000	
0.0000000000	
0.0000000000	
0.0000000000	
0.0000000000	
-0.0000000000	
-0.0000000000	
-0.0000000000	
0.0000000000	
0.0735383240	
0.0000000000	
0.0000000000	
0.0000000000	
0.0000000000	
0.0000000000	
0.0000000000	
0.0000000000	
-0.0000000000	
0.0000000000	
0.0000000000	
-0.0000000000	
0.1158824070	
0.0000000000	
0.0000000000	
0.0000000000	
0.0000000000	
-0.0000000000	
0.1832686921	
0.0750103814	
-0.0000000000	
0.0000000000	
0.0000000000	
-0.0000000000	
0.0141113638	
0.0000000000	
0.0618842486	
0.0000000000	
-0.0000000000	
0.0000000000	
0.0000000000	
0.0000000000	
0.0000000000	
0.0000000000	
0.0000000000	
-0.0000000000	
0.0000000000	
-0.0000000000	
0.0000000000	
-0.0000000000	
