0.000000	
0.000000	
0.000000	
0.000000	
0.000000	
0.000000	
0.000000	
0.000000	
0.000000	
0.000000	
0.000000	
0.000000	
0.015727	
0.000000	
0.000000	
0.000000	
0.000000	
0.000000	
0.000000	
0.191979	
0.000000	
0.000000	
0.000000	
0.011140	
0.000000	
0.004642	
0.000000	
0.000000	
0.062858	
0.000000	
0.015325	
0.000000	
0.000000	
0.000000	
0.000000	
0.000000	
0.000000	
0.041062	
0.000000	
0.000000	
0.092550	
0.000000	
0.000000	
0.000000	
0.000000	
0.000000	
-0.000000	
0.000000	
0.000000	
0.000000	
0.066912	
0.074076	
0.000000	
0.000000	
0.000000	
0.000000	
0.000000	
0.000000	
0.000000	
0.000000	
0.000000	
0.000000	
0.000000	
0.000000	
0.000000	
0.000000	
0.000000	
0.000000	
0.000000	
0.000000	
0.000000	
0.000000	
0.000000	
0.000000	
0.023148	
0.000000	
0.000000	
0.000000	
0.000000	
0.007168	
0.000000	
0.138023	
0.000000	
0.130115	
0.000000	
0.000000	
0.013927	
0.000000	
0.111349	
0.000000	
0.000000	
0.000000	
0.000000	
0.000000	
0.000000	
0.000000	
0.000000	
0.000000	
