0.000000	
0.000000	
0.000000	
0.000000	
0.000000	
0.000000	
0.032276	
0.000000	
0.000000	
0.000000	
0.000000	
0.000000	
0.049845	
0.000000	
0.000000	
0.000000	
0.000000	
0.036200	
0.000000	
0.080311	
0.000000	
0.000000	
0.000000	
0.002140	
0.000000	
0.028121	
0.000000	
0.000000	
0.025938	
0.000000	
0.016509	
0.000000	
0.000000	
0.000000	
0.000000	
0.000000	
0.000000	
0.043239	
0.000000	
0.000000	
0.038596	
0.000000	
0.000000	
0.000000	
0.000000	
0.000000	
0.000000	
0.000000	
0.000000	
0.000000	
0.065923	
0.147659	
0.000000	
0.000000	
0.042758	
0.035820	
0.000000	
0.000000	
0.000000	
0.000000	
0.000000	
-0.000000	
0.023475	
0.000000	
0.000000	
0.000000	
0.000000	
0.000000	
0.000000	
0.000000	
0.000000	
0.000000	
0.000000	
0.000000	
0.045994	
0.000000	
0.000000	
0.000000	
0.023429	
0.000000	
0.000000	
0.000000	
0.000000	
0.110999	
0.000000	
0.000000	
0.045269	
0.000000	
0.097779	
0.000000	
0.002004	
0.000000	
0.000000	
0.000000	
0.000000	
0.000000	
0.000000	
0.005715	
