0.000000	
0.000000	
0.000000	
0.000000	
0.000000	
0.000000	
-0.000000	
-0.000000	
0.000000	
0.000000	
0.000000	
0.000000	
0.044045	
-0.000000	
0.000000	
0.000000	
0.000000	
0.051083	
-0.000000	
0.138315	
0.000000	
0.000000	
0.000000	
0.000000	
0.000000	
0.000000	
0.000000	
0.000000	
0.000000	
0.000000	
0.071880	
0.000000	
0.000000	
0.000000	
0.000000	
0.000000	
0.000000	
0.081231	
0.000000	
0.000000	
0.000000	
0.000000	
0.000000	
0.000000	
0.000000	
0.000000	
0.000000	
0.000000	
0.000000	
0.000000	
0.086909	
0.052296	
0.000000	
0.000000	
0.064998	
0.000000	
0.000000	
0.000000	
-0.000000	
0.000000	
0.000000	
0.000000	
0.000000	
0.000000	
0.000000	
0.000000	
0.000000	
0.000000	
0.000000	
0.000000	
0.000000	
0.000000	
0.000000	
0.000000	
0.043220	
0.000000	
-0.000000	
0.000000	
0.058681	
0.000000	
0.000000	
0.006895	
0.000000	
0.138869	
0.000000	
0.000000	
0.018527	
0.000000	
0.143050	
0.000000	
0.000000	
0.000000	
0.000000	
0.000000	
0.000000	
0.000000	
0.000000	
0.000000	
