0.000000	
0.000000	
0.000000	
0.000000	
0.000000	
0.000000	
0.000000	
0.000000	
0.000000	
0.000000	
0.000000	
-0.000000	
0.024838	
0.000000	
0.000000	
0.000000	
0.000000	
0.075201	
0.000000	
0.105614	
0.000000	
0.000000	
0.000000	
0.007636	
0.000000	
0.000000	
0.000000	
0.016489	
0.000000	
0.000000	
0.042352	
0.000000	
0.000000	
0.000000	
0.000000	
0.000000	
0.000000	
0.051779	
0.000000	
0.000000	
0.000000	
0.000000	
0.000000	
0.000000	
0.000000	
-0.000000	
0.000000	
0.000000	
0.000000	
0.000000	
0.081048	
0.120814	
0.020945	
0.000000	
0.029621	
0.000000	
0.000000	
0.000000	
0.000000	
0.000000	
0.000000	
0.000000	
0.033795	
0.000000	
0.000000	
0.000000	
0.000000	
0.000000	
0.000000	
0.000000	
0.000000	
0.000000	
0.053458	
0.000000	
0.042484	
0.000000	
-0.000000	
0.000000	
0.021211	
0.000000	
0.000000	
0.000000	
0.000000	
0.135290	
0.000000	
0.000000	
0.000000	
-0.000000	
0.137425	
0.000000	
0.000000	
0.000000	
0.000000	
0.000000	
0.000000	
0.000000	
0.000000	
0.000000	
