0.000000	
0.000000	
0.000000	
0.000000	
0.000000	
0.000000	
0.000000	
-0.000000	
0.000000	
0.000000	
0.000000	
0.000000	
0.000000	
0.000000	
0.000000	
0.000000	
0.000000	
0.120824	
0.000000	
0.000000	
0.000000	
0.000000	
0.000000	
0.000000	
0.000000	
0.000000	
0.000000	
0.056190	
0.000000	
0.000000	
0.036039	
0.000000	
0.011212	
0.000000	
0.000000	
0.000000	
0.000000	
0.000000	
0.000000	
0.000000	
-0.000000	
0.000000	
0.000000	
0.000000	
0.000000	
0.000000	
0.000000	
0.000000	
0.000000	
0.000000	
0.057654	
0.000000	
0.042991	
0.000000	
0.038071	
0.000000	
0.000000	
0.000000	
0.000000	
0.068962	
0.086161	
0.000000	
0.000000	
0.000000	
0.000000	
0.000000	
0.000000	
0.000000	
0.000000	
0.010500	
0.000000	
0.000000	
0.072509	
0.000000	
0.061132	
0.000000	
0.000000	
0.000000	
0.000000	
0.000000	
0.000000	
0.063437	
0.003852	
0.094899	
0.000000	
0.000000	
0.054785	
0.000000	
0.101509	
0.000000	
0.000000	
0.000000	
0.000000	
0.000000	
0.000000	
0.000000	
0.000000	
0.019273	
