0.000000	
0.000000	
0.000000	
0.000000	
0.000000	
0.000000	
0.000000	
0.000000	
0.000000	
0.000000	
0.000000	
0.000000	
0.027089	
-0.000000	
0.000000	
-0.000000	
0.000000	
0.075843	
0.000000	
0.122607	
0.000000	
0.000000	
0.000000	
0.000000	
0.000000	
0.000000	
0.000000	
0.019802	
0.000000	
0.000000	
0.073825	
0.000000	
0.000000	
0.000000	
0.000000	
0.000000	
0.000000	
0.032665	
0.000000	
0.000000	
0.003885	
0.000000	
0.000000	
0.000000	
0.000000	
0.000000	
-0.000000	
0.000000	
0.000000	
0.000000	
0.076962	
0.033388	
0.020785	
0.000000	
0.045906	
0.000000	
0.000000	
0.000000	
0.000000	
0.000000	
0.000000	
0.000000	
0.030647	
0.000000	
0.000000	
0.000000	
0.000000	
0.000000	
0.000000	
0.000000	
-0.000000	
-0.000000	
0.105408	
0.000000	
0.040735	
0.000000	
-0.000000	
-0.000000	
0.017881	
-0.000000	
0.000000	
0.000000	
0.000000	
0.132406	
0.000000	
0.000000	
0.011113	
0.000000	
0.129053	
0.000000	
0.000000	
0.000000	
0.000000	
0.000000	
0.000000	
0.000000	
0.000000	
0.000000	
