0.000000	
0.000000	
0.000000	
0.000000	
0.000000	
0.000000	
0.000000	
0.000000	
-0.000000	
0.000000	
0.000000	
0.000000	
0.051334	
0.000000	
0.000000	
0.000000	
0.000000	
0.046864	
0.000000	
0.092314	
-0.000000	
0.000000	
0.000000	
0.000000	
0.000000	
0.000000	
0.000000	
0.000000	
0.000000	
0.000000	
0.080711	
0.000000	
0.000000	
0.000000	
0.000000	
0.000000	
0.000000	
0.015423	
0.000000	
0.000000	
0.005523	
0.000000	
0.000000	
0.000000	
0.000000	
0.000000	
0.000000	
0.000000	
0.000000	
0.000000	
0.057037	
0.165417	
0.000000	
0.000000	
0.059466	
0.030493	
0.000000	
0.000000	
0.000000	
0.000000	
0.000000	
0.000000	
0.000000	
0.000000	
0.000000	
0.000000	
0.000000	
0.000000	
0.000000	
0.000000	
0.000000	
0.000000	
0.000000	
0.000000	
0.064854	
0.000000	
-0.000000	
0.000000	
0.062809	
0.000000	
0.000000	
0.000000	
0.000000	
0.109987	
0.000000	
0.000000	
0.026087	
0.000000	
0.115924	
0.000000	
0.000000	
0.000000	
0.000000	
-0.000000	
0.000000	
0.000000	
0.000000	
0.015756	
