0.0000000000	
0.0000000000	
0.0000000000	
0.0000000000	
0.0000000000	
0.0000000000	
-0.0000000000	
0.0000000000	
0.0479589596	
0.0000000000	
0.0000000000	
0.0000000000	
0.0000000000	
0.0000000000	
0.0126697838	
0.0000000000	
0.1273764764	
0.1102586570	
0.0000000000	
0.0000000000	
0.0000000000	
0.0000000000	
0.0341652109	
0.0000000000	
0.0083743548	
-0.0000000000	
0.0000000000	
0.0000000000	
0.0000000000	
0.0543875236	
0.0000000000	
0.0000000000	
0.0000000000	
0.0000000000	
0.0000000000	
0.0000000000	
0.0000000000	
0.0000000000	
0.2500685601	
0.0000000000	
0.0000000000	
0.0000000000	
0.0851069274	
0.0000000000	
0.0000000000	
0.0000000000	
0.0000000000	
0.0000000000	
0.0000000000	
0.0000000000	
0.0000000000	
0.0000000000	
0.0091981678	
0.0000000000	
0.0000000000	
0.0000000000	
0.0000000000	
0.0605039972	
0.1344137827	
0.0000000000	
0.0000000000	
0.0000000000	
0.0000000000	
0.0000000000	
0.0000000000	
-0.0000000000	
0.0000000000	
0.0655175986	
0.0000000000	
0.0000000000	
0.0000000000	
0.0000000000	
0.0000000000	
-0.0000000000	
0.0000000000	
0.0000000000	
0.0000000000	
