0.0000000000	
0.0000000000	
0.0000000000	
0.0000000000	
0.0000000000	
0.0000000000	
-0.0000000000	
0.0000000000	
0.0569795650	
0.0000000000	
0.0000000000	
0.0000000000	
0.0000000000	
0.0000000000	
0.0010229439	
0.0000000000	
0.1182285880	
0.1143034716	
0.0000000000	
0.0000000000	
-0.0000000000	
0.0000000000	
0.0221128105	
0.0000000000	
0.0006024138	
0.0217348909	
0.0000000000	
0.0000000000	
0.0028936372	
0.0655957176	
-0.0000000000	
0.0000000000	
0.0000000000	
0.0000000000	
0.0000000000	
0.0000000000	
0.0000000000	
0.0000000000	
0.2565727479	
0.0000000000	
0.0000000000	
-0.0000000000	
0.0839617692	
0.0000000000	
0.0000000000	
0.0000000000	
0.0000000000	
0.0000000000	
0.0000000000	
0.0000000000	
0.0000000000	
0.0000000000	
0.0000000000	
0.0000000000	
0.0000000000	
0.0000000000	
0.0000000000	
0.0333609639	
0.1388819234	
-0.0000000000	
0.0000000000	
0.0052957263	
0.0000000000	
0.0000000000	
0.0000000000	
0.0000000000	
0.0000000000	
0.0784528309	
0.0000000000	
0.0000000000	
0.0000000000	
0.0000000000	
0.0000000000	
0.0000000000	
0.0000000000	
-0.0000000000	
0.0000000000	
