0.0000000000	
0.0000000000	
0.0000000000	
0.0000000000	
0.0000000000	
0.0000000000	
0.0000000000	
0.0000000000	
0.0428712197	
0.0000000000	
0.0000000000	
0.0000000000	
0.0000000000	
0.0000000000	
0.0132757867	
0.0000000000	
0.1317295897	
0.1050563967	
0.0000000000	
0.0000000000	
0.0000000000	
0.0000000000	
0.0368258085	
0.0000000000	
0.0066119112	
0.0000000000	
0.0000000000	
0.0000000000	
0.0000000000	
0.0464128426	
0.0000000000	
0.0000000000	
0.0000000000	
0.0000000000	
0.0000000000	
0.0000000000	
0.0000000000	
0.0000000000	
0.2558186819	
0.0000000000	
0.0000000000	
0.0000000000	
0.0845857337	
0.0000000000	
0.0000000000	
0.0000000000	
0.0000000000	
0.0000000000	
0.0000000000	
0.0000000000	
0.0000000000	
0.0000000000	
0.0046085588	
0.0000000000	
0.0000000000	
0.0000000000	
0.0000000000	
0.0659929811	
0.1427190803	
0.0000000000	
0.0000000000	
0.0000000000	
0.0000000000	
0.0000000000	
0.0000000000	
0.0000000000	
0.0000000000	
0.0634914092	
0.0000000000	
0.0000000000	
0.0000000000	
0.0000000000	
0.0000000000	
0.0000000000	
0.0000000000	
0.0000000000	
0.0000000000	
