0.0000000000	
0.0000000000	
0.0000000000	
0.0000000000	
0.0000000000	
0.0000000000	
0.0000000000	
0.0000000000	
0.0224716031	
0.0000000000	
0.0000000000	
0.0000000000	
0.0000000000	
0.0000000000	
0.0005326922	
0.0000000000	
0.1220884923	
0.1649420011	
0.0000000000	
0.0000000000	
0.0000000000	
0.0000000000	
0.0300546239	
0.0000000000	
0.0038597430	
0.0086307818	
0.0000000000	
0.0000000000	
0.0000000000	
0.0194217167	
0.0000000000	
0.0000000000	
0.0020091908	
0.0000000000	
0.0324467391	
0.0000000000	
0.0000000000	
0.0000000000	
0.1680970333	
0.0000000000	
0.0000000000	
-0.0000000000	
0.0915425618	
0.0000000000	
0.0000000000	
0.0000000000	
0.0000000000	
-0.0000000000	
0.0000000000	
0.0000000000	
0.0000000000	
-0.0000000000	
0.0353481601	
0.0000000000	
0.0000000000	
0.0000000000	
0.0000000000	
0.1138912667	
0.1333429733	
0.0001124223	
0.0000000000	
0.0033673964	
0.0000000000	
0.0000000000	
0.0000000000	
0.0000000000	
0.0000000000	
0.0478406022	
0.0000000000	
0.0000000000	
0.0000000000	
0.0000000000	
0.0000000000	
0.0000000000	
0.0000000000	
0.0000000000	
0.0000000000	
