0.0000000000	
0.0000000000	
0.0000000000	
0.0000000000	
0.0000000000	
0.0000000000	
0.0000000000	
0.0000000000	
0.0245207508	
0.0000000000	
0.0000000000	
0.0000000000	
0.0000000000	
0.0000000000	
0.0027126913	
0.0000000000	
0.1215152929	
0.1607006399	
0.0000000000	
0.0000000000	
0.0000000000	
0.0000000000	
0.0371072602	
0.0000000000	
0.0000000000	
0.0000000000	
0.0000000000	
0.0000000000	
0.0000000000	
0.0155360559	
0.0000000000	
0.0000000000	
0.0000000000	
0.0000000000	
0.0000000000	
0.0000000000	
0.0000000000	
0.0000000000	
0.1910592261	
0.0000000000	
0.0000000000	
0.0000000000	
0.0859540280	
0.0000000000	
0.0000000000	
0.0000000000	
0.0000000000	
0.0000000000	
0.0000000000	
0.0000000000	
0.0000000000	
0.0000000000	
0.0152812769	
0.0000000000	
0.0000000000	
0.0000000000	
0.0000000000	
0.1185338129	
0.1408267301	
0.0000000000	
0.0000000000	
0.0071646756	
0.0000000000	
-0.0000000000	
0.0000000000	
0.0000000000	
-0.0000000000	
0.0790875592	
0.0000000000	
0.0000000000	
0.0000000000	
-0.0000000000	
0.0000000000	
0.0000000000	
0.0000000000	
0.0000000000	
0.0000000000	
