0.0000000000	
0.0000000000	
0.0000000000	
0.0000000000	
0.0000000000	
-0.0000000000	
0.0000000000	
0.0000000000	
0.0181572072	
0.0000000000	
0.0000000000	
0.0000000000	
0.0000000000	
0.0000000000	
0.0011896113	
0.0000000000	
0.1327480932	
0.1540891388	
0.0000000000	
0.0000000000	
0.0000000000	
0.0000000000	
0.0294909471	
0.0000000000	
0.0024538069	
0.0115461700	
0.0000000000	
0.0000000000	
0.0000000000	
0.0172113172	
0.0000000000	
0.0000000000	
0.0047058104	
0.0000000000	
0.0357991813	
0.0000000000	
0.0000000000	
0.0000000000	
0.1683887923	
0.0000000000	
0.0000000000	
0.0000000000	
0.0911220921	
0.0000000000	
0.0000000000	
0.0000000000	
0.0000000000	
0.0000000000	
0.0000000000	
0.0000000000	
0.0000000000	
0.0000000000	
0.0309270241	
0.0000000000	
0.0000000000	
0.0000000000	
0.0000000000	
0.1118070385	
0.1360887750	
0.0031375656	
0.0000000000	
0.0012996372	
0.0000000000	
0.0000000000	
-0.0000000000	
0.0000000000	
0.0000000000	
0.0498377919	
0.0000000000	
0.0000000000	
0.0000000000	
0.0000000000	
-0.0000000000	
0.0000000000	
0.0000000000	
-0.0000000000	
0.0000000000	
