0.0000000000	
0.0000000000	
0.0000000000	
0.0000000000	
0.0000000000	
0.0000000000	
0.0000000000	
0.0000000000	
0.0206228810	
0.0000000000	
0.0000000000	
0.0000000000	
0.0000000000	
0.0000000000	
0.0043904665	
0.0000000000	
0.1171502718	
0.1547952085	
0.0000000000	
0.0000000000	
0.0000000000	
0.0000000000	
0.0307562060	
0.0000000000	
0.0000000000	
0.0000000000	
0.0000000000	
0.0000000000	
0.0000000000	
0.0181052831	
0.0000000000	
0.0000000000	
0.0000000000	
0.0000000000	
0.0000000000	
0.0000000000	
0.0000000000	
0.0000000000	
0.2066433214	
0.0000000000	
0.0000000000	
0.0000000000	
0.0860302749	
0.0000000000	
0.0000000000	
0.0000000000	
0.0000000000	
-0.0000000000	
0.0000000000	
0.0000000000	
0.0000000000	
0.0000000000	
0.0171908171	
0.0000000000	
0.0000000000	
0.0000000000	
0.0000000000	
0.1188716777	
0.1427816045	
0.0000000000	
0.0000000000	
0.0064008323	
0.0000000000	
0.0000000000	
0.0000000000	
0.0000000000	
0.0000000000	
0.0762611551	
0.0000000000	
0.0000000000	
0.0000000000	
-0.0000000000	
0.0000000000	
0.0000000000	
0.0000000000	
0.0000000000	
-0.0000000000	
