0.0000000000	
0.0000000000	
0.0000000000	
0.0000000000	
0.0000000000	
0.0000000000	
0.0000000000	
0.0000000000	
0.0193133635	
0.0000000000	
0.0000000000	
0.0000000000	
0.0000000000	
0.0000000000	
0.0003252823	
0.0000000000	
0.1041386594	
0.1730161993	
0.0000000000	
0.0000000000	
0.0000000000	
0.0000000000	
0.0320272379	
0.0000000000	
0.0199803100	
0.0000000000	
0.0000000000	
0.0000000000	
0.0000000000	
0.0262362054	
0.0000000000	
0.0000000000	
0.0182510231	
0.0000000000	
0.0067144315	
0.0000000000	
0.0000000000	
0.0000000000	
0.1739026930	
0.0000000000	
0.0000000000	
0.0000000000	
0.0965534268	
0.0000000000	
0.0000000000	
0.0000000000	
0.0000000000	
0.0000000000	
0.0000000000	
0.0000000000	
0.0000000000	
0.0000000000	
0.0301059425	
0.0000000000	
0.0000000000	
-0.0000000000	
0.0000000000	
0.1193174752	
0.1364959696	
-0.0000000000	
0.0000000000	
0.0062246819	
0.0000000000	
-0.0000000000	
0.0000000000	
0.0000000000	
0.0000000000	
0.0373970985	
0.0000000000	
0.0000000000	
0.0000000000	
0.0000000000	
0.0000000000	
0.0000000000	
0.0000000000	
0.0000000000	
0.0000000000	
