0.0000000000	
0.0000000000	
0.0000000000	
0.0000000000	
0.0000000000	
0.0000000000	
0.0000000000	
0.0000000000	
0.0171066791	
0.0000000000	
0.0000000000	
0.0000000000	
0.0000000000	
0.0000000000	
0.0000000000	
0.0000000000	
0.0801188888	
0.1882857301	
0.0000000000	
0.0000000000	
0.0000000000	
0.0000000000	
0.0260632181	
0.0000000000	
0.0266077776	
0.0136403015	
0.0000000000	
-0.0000000000	
0.0000000000	
0.0340223979	
0.0000000000	
0.0000000000	
0.0292834682	
-0.0000000000	
0.0000000000	
0.0000000000	
0.0000000000	
0.0000000000	
0.1759834678	
0.0000000000	
0.0000000000	
0.0000000000	
0.0986643235	
0.0000000000	
0.0000000000	
0.0000000000	
0.0000000000	
0.0000000000	
0.0000000000	
0.0000000000	
0.0000000000	
0.0000000000	
0.0215985452	
0.0000000000	
0.0000000000	
0.0000000000	
0.0000000000	
0.1126199037	
0.1457238983	
0.0000000000	
0.0000000000	
0.0000000000	
0.0000000000	
0.0000000000	
0.0000000000	
0.0000000000	
0.0000000000	
0.0302814002	
0.0000000000	
0.0000000000	
0.0000000000	
-0.0000000000	
-0.0000000000	
0.0000000000	
0.0000000000	
0.0000000000	
0.0000000000	
