0.0000000000	
0.0000000000	
0.0000000000	
0.0000000000	
0.0000000000	
0.0000000000	
0.0000000000	
0.0000000000	
0.0195780198	
0.0000000000	
0.0000000000	
-0.0000000000	
0.0000000000	
0.0000000000	
-0.0000000000	
0.0000000000	
0.0850341134	
0.1810306079	
0.0000000000	
0.0000000000	
0.0000000000	
0.0000000000	
0.0260017034	
0.0000000000	
0.0261066604	
0.0152735680	
-0.0000000000	
0.0000000000	
0.0000000000	
0.0340259591	
0.0000000000	
0.0000000000	
0.0299680938	
-0.0000000000	
0.0009981438	
0.0000000000	
0.0000000000	
0.0000000000	
0.1765615231	
0.0000000000	
0.0000000000	
0.0000000000	
0.0996710442	
0.0000000000	
0.0000000000	
0.0000000000	
0.0000000000	
0.0000000000	
-0.0000000000	
0.0000000000	
0.0000000000	
0.0000000000	
0.0189154296	
0.0000000000	
0.0000000000	
0.0000000000	
0.0000000000	
0.1124464979	
0.1432942244	
0.0000000000	
0.0000000000	
0.0000000000	
0.0000000000	
0.0000000000	
0.0000000000	
0.0000000000	
0.0000000000	
0.0310944111	
0.0000000000	
0.0000000000	
0.0000000000	
0.0000000000	
0.0000000000	
0.0000000000	
0.0000000000	
0.0000000000	
0.0000000000	
