0.011777	
0.008753	
0.045409	
0.004975	
0.005237	
0.000000	
0.010114	
0.000000	
0.003987	
0.001950	
0.000000	
0.003379	
0.000000	
0.016081	
0.000000	
0.001923	
0.010156	
0.007600	
0.000000	
0.042541	
0.000000	
0.000000	
0.021370	
0.025660	
0.002924	
0.001907	
0.005913	
0.016458	
0.026554	
0.002678	
0.037249	
0.000000	
0.006787	
0.000000	
0.004173	
0.006071	
0.004890	
0.006962	
0.015398	
0.002276	
0.020666	
0.000000	
0.004713	
0.002579	
0.005774	
0.000000	
0.000000	
0.042943	
0.000000	
0.000000	
0.064902	
0.012001	
0.045005	
0.000000	
0.018062	
0.012485	
0.009896	
0.013671	
0.005935	
0.021610	
0.004830	
0.010251	
0.004440	
0.037385	
0.000000	
0.000000	
0.011327	
0.000000	
0.004093	
0.005297	
0.000000	
0.013000	
0.005229	
0.000000	
0.015322	
0.000000	
0.000000	
0.000000	
0.003418	
0.018696	
0.000000	
0.020640	
0.013752	
0.063133	
0.001993	
0.002778	
0.017105	
0.000099	
0.042681	
0.004394	
0.013233	
0.006576	
0.005570	
0.000000	
0.000000	
0.000444	
0.020050	
0.012871	
