0.010950	
0.012464	
0.022517	
0.009655	
0.014874	
0.005534	
0.009210	
0.000000	
0.008092	
0.002047	
0.006978	
0.007192	
0.000000	
0.014011	
0.000000	
0.000000	
0.008124	
0.015437	
0.000000	
0.031314	
0.001056	
0.000000	
0.019355	
0.019667	
0.005593	
0.002130	
0.007966	
0.021744	
0.016173	
0.003053	
0.029490	
0.000000	
0.008181	
0.000000	
0.005444	
0.006740	
0.003248	
0.008911	
0.003530	
0.000000	
0.018978	
0.003719	
0.011292	
0.002358	
0.007852	
0.000008	
0.006217	
0.016721	
0.000000	
0.000000	
0.057731	
0.012224	
0.043221	
0.000000	
0.021832	
0.012943	
0.016302	
0.011253	
0.001725	
0.024637	
0.013363	
0.012019	
0.011475	
0.016620	
0.000564	
0.000584	
0.009353	
0.000000	
0.009597	
0.009707	
0.000000	
0.008671	
0.021872	
0.003484	
0.018620	
0.006841	
0.003473	
0.000475	
0.009782	
0.004100	
0.001802	
0.007731	
0.015045	
0.053942	
0.011802	
0.012508	
0.017226	
0.000000	
0.036792	
0.006082	
0.014594	
0.003700	
0.005116	
0.000000	
0.003927	
0.005920	
0.017321	
0.016201	
