0.000000	
0.173921	
0.000000	
0.000000	
0.000000	
0.000000	
0.000000	
0.000000	
0.000000	
0.000000	
0.146018	
0.000000	
0.000000	
0.000000	
0.000000	
0.000000	
0.000000	
0.000000	
0.000000	
0.000000	
0.000000	
0.000000	
0.000000	
0.000000	
0.000000	
0.000000	
0.000000	
0.000000	
0.000000	
0.000000	
0.000000	
0.000000	
0.000000	
0.000000	
0.025341	
0.000000	
0.000000	
0.002228	
0.000000	
0.176767	
0.000000	
0.000000	
0.000000	
0.000000	
0.000000	
0.000000	
0.000000	
0.000000	
0.000000	
0.000000	
0.000000	
0.000000	
0.102316	
0.000000	
0.000000	
0.000000	
0.000000	
0.000000	
0.000000	
0.000000	
0.000000	
0.000000	
0.000000	
0.000000	
0.000000	
0.174585	
0.000000	
0.000000	
0.000000	
0.000000	
0.000000	
0.045782	
0.000000	
0.000000	
0.000000	
0.000000	
0.000000	
0.029245	
0.027787	
0.000000	
0.000000	
0.000000	
0.096010	
