0.000000	
0.215122	
0.000000	
0.000000	
-0.000000	
0.000000	
-0.000000	
-0.000000	
-0.000000	
-0.000000	
0.113259	
0.000000	
-0.000000	
-0.000000	
0.000000	
-0.000000	
-0.000000	
0.000000	
0.000000	
-0.000000	
0.000000	
0.054762	
-0.000000	
0.000000	
0.000000	
0.000000	
0.000000	
-0.000000	
-0.000000	
0.000000	
-0.000000	
0.000772	
0.000000	
0.000000	
0.000000	
0.000000	
-0.000000	
-0.000000	
-0.000000	
0.189107	
0.000000	
0.000000	
0.000000	
0.000000	
0.000000	
-0.000000	
0.000000	
-0.000000	
0.000000	
-0.000000	
0.000000	
-0.000000	
0.000000	
0.000000	
-0.000000	
-0.000000	
-0.000000	
0.000000	
0.000000	
-0.000000	
0.000000	
0.000000	
-0.000000	
0.066711	
-0.000000	
0.153033	
0.000000	
0.000000	
-0.000000	
-0.000000	
0.000000	
0.007304	
-0.000000	
0.000000	
0.000000	
0.000000	
0.000000	
0.036848	
0.018186	
-0.000000	
0.000000	
-0.000000	
0.144896	
