0.000000	
0.216854	
0.000000	
0.000000	
-0.000000	
0.000000	
0.000000	
0.000000	
0.000000	
0.000000	
0.149486	
-0.000000	
-0.000000	
-0.000000	
0.000000	
0.000000	
0.000000	
0.000000	
-0.000000	
-0.000000	
-0.000000	
0.000000	
0.000000	
0.000000	
0.000000	
-0.000000	
0.000000	
-0.000000	
0.000000	
0.000000	
-0.000000	
-0.000000	
0.000000	
0.000000	
-0.000000	
-0.000000	
0.019428	
0.000000	
0.000000	
0.156117	
-0.000000	
0.000000	
-0.000000	
0.000000	
0.000000	
-0.000000	
-0.000000	
-0.000000	
-0.000000	
0.000000	
0.000000	
0.000000	
0.023333	
0.000000	
-0.000000	
0.000000	
-0.000000	
-0.000000	
-0.000000	
0.000000	
-0.000000	
0.000000	
-0.000000	
0.031217	
0.000000	
0.173371	
-0.000000	
-0.000000	
-0.000000	
-0.000000	
0.000000	
0.076546	
0.000000	
0.000000	
-0.000000	
0.000000	
0.000000	
0.036150	
0.033453	
0.000000	
-0.000000	
0.000000	
0.084044	
