0.000000	
0.246316	
0.000000	
0.000000	
0.000000	
0.000000	
0.000000	
0.000000	
0.000000	
0.000000	
0.111202	
0.000000	
0.000000	
0.000000	
0.000000	
0.000000	
0.000000	
0.000000	
0.000000	
0.000000	
0.000000	
0.003981	
0.000000	
0.000000	
0.000000	
0.000000	
0.000000	
0.000000	
0.000000	
0.000000	
0.000000	
0.000000	
0.000000	
0.000000	
0.000000	
0.004391	
0.000000	
0.000000	
0.000000	
0.152459	
0.000000	
0.000000	
0.000000	
0.000000	
0.004242	
0.000000	
0.000000	
0.000000	
0.000000	
0.000000	
0.000000	
0.000000	
0.000000	
0.000000	
0.000000	
0.000000	
0.000000	
0.000000	
0.000000	
0.000000	
0.000000	
0.000000	
0.000000	
0.015165	
0.000000	
0.141535	
0.000000	
0.000000	
0.000000	
0.000000	
0.000000	
0.090525	
0.000000	
0.000000	
0.000000	
0.000000	
0.000000	
0.040687	
0.054632	
0.000000	
0.000000	
0.000000	
0.134866	
