0.000000	
0.239991	
-0.000000	
0.000000	
-0.000000	
0.000000	
0.000000	
-0.000000	
0.000000	
0.000000	
0.122805	
0.000000	
0.000000	
0.000000	
0.000000	
-0.000000	
-0.000000	
0.000000	
-0.000000	
-0.000000	
0.000000	
0.016935	
0.000000	
0.000000	
0.000000	
0.000000	
0.000000	
0.000000	
-0.000000	
0.000000	
0.000000	
0.000000	
-0.000000	
-0.000000	
0.000000	
0.003560	
0.000000	
-0.000000	
0.000000	
0.156743	
-0.000000	
0.000000	
-0.000000	
0.000000	
0.000000	
0.000000	
-0.000000	
-0.000000	
-0.000000	
-0.000000	
0.000000	
0.000000	
0.000000	
0.000000	
-0.000000	
0.000000	
-0.000000	
0.000000	
-0.000000	
-0.000000	
-0.000000	
0.000000	
0.000000	
0.007765	
0.000000	
0.144433	
-0.000000	
-0.000000	
0.000000	
-0.000000	
-0.000000	
0.080067	
-0.000000	
0.007980	
0.000000	
-0.000000	
0.000000	
0.039529	
0.041493	
-0.000000	
-0.000000	
0.000000	
0.138700	
