0.000000	
0.086046	
0.000000	
0.000000	
-0.000000	
0.000000	
-0.000000	
0.000000	
0.000000	
-0.000000	
0.107392	
0.000000	
0.000000	
0.000000	
0.000000	
0.000000	
0.000000	
0.000000	
0.000000	
0.000000	
0.091981	
0.063995	
0.000000	
0.000000	
0.000000	
-0.000000	
-0.000000	
0.000000	
0.000000	
0.000000	
0.000000	
0.000000	
-0.000000	
-0.000000	
0.000000	
0.000000	
0.000000	
0.000000	
0.000000	
0.198313	
0.000000	
0.000000	
0.000000	
0.000000	
0.011317	
0.000000	
0.000000	
-0.000000	
-0.000000	
0.000000	
0.000000	
0.000000	
0.000000	
0.000000	
0.000000	
0.000000	
0.000000	
0.000000	
0.000000	
0.000000	
-0.000000	
0.000000	
0.000000	
0.062753	
0.000000	
0.106869	
0.000000	
0.000000	
0.000000	
0.000000	
-0.000000	
0.050969	
0.000000	
0.000000	
0.000000	
0.000000	
-0.000000	
0.043974	
0.061900	
-0.000000	
0.000000	
-0.000000	
0.114491	
