-0.000000	
0.078107	
0.000000	
-0.000000	
0.000000	
-0.000000	
0.000000	
0.000000	
0.000000	
-0.000000	
0.112654	
-0.000000	
0.000000	
-0.000000	
0.000000	
0.000000	
0.000000	
0.000000	
0.000000	
-0.000000	
0.083125	
0.066211	
-0.000000	
-0.000000	
-0.000000	
0.000000	
0.000000	
-0.000000	
0.000000	
-0.000000	
0.000000	
-0.000000	
0.000000	
0.000000	
0.000000	
0.000000	
0.000000	
0.000000	
-0.000000	
0.197866	
0.000000	
0.000000	
0.000000	
0.000000	
0.014306	
0.000000	
-0.000000	
-0.000000	
-0.000000	
-0.000000	
0.000000	
0.000000	
-0.000000	
0.000000	
0.000000	
-0.000000	
-0.000000	
0.000000	
0.000000	
-0.000000	
0.000000	
-0.000000	
0.000000	
0.058338	
0.000000	
0.107902	
0.000000	
0.000000	
0.000000	
0.000000	
0.000000	
0.049110	
0.000000	
-0.000000	
0.000000	
0.000000	
-0.000000	
0.042654	
0.068178	
0.000000	
0.000000	
-0.000000	
0.121548	
