-0.000000	
0.121088	
0.000000	
0.000000	
0.000000	
-0.000000	
0.000000	
0.000000	
-0.000000	
-0.000000	
0.124996	
0.000000	
-0.000000	
0.000000	
0.026909	
0.000000	
-0.000000	
-0.000000	
0.000000	
0.000000	
0.065012	
0.093956	
0.000000	
0.000000	
-0.000000	
-0.000000	
-0.000000	
0.000000	
-0.000000	
0.000000	
-0.000000	
0.000000	
0.000000	
-0.000000	
-0.000000	
0.000000	
-0.000000	
0.000000	
-0.000000	
0.134438	
-0.000000	
0.000000	
0.000000	
-0.000000	
0.039152	
0.000000	
0.000000	
0.000000	
0.000000	
-0.000000	
0.000000	
0.000000	
0.000000	
0.000000	
0.000000	
0.000000	
-0.000000	
-0.000000	
0.000000	
0.000000	
0.000000	
0.000000	
0.000000	
0.063257	
-0.000000	
0.135211	
0.000000	
0.000000	
0.000000	
0.000000	
-0.000000	
0.000000	
0.000000	
0.000000	
0.000000	
0.000000	
0.000000	
0.052025	
0.038366	
0.000000	
0.000000	
0.000000	
0.105588	
