-0.000000	
0.040623	
0.000000	
-0.000000	
0.000000	
0.000000	
0.000000	
0.000000	
-0.000000	
0.000000	
0.157359	
-0.000000	
0.000000	
-0.000000	
0.011503	
0.000000	
0.000000	
0.000000	
0.000000	
0.000000	
0.041231	
0.078292	
0.000000	
0.000000	
0.000000	
0.000000	
0.000000	
0.000000	
0.000000	
0.000000	
0.000000	
0.000000	
0.000000	
0.000000	
0.000000	
0.000000	
0.000000	
-0.000000	
0.000000	
0.131209	
0.000000	
0.000000	
0.000000	
0.000000	
0.060739	
-0.000000	
0.000000	
0.000000	
0.000000	
0.000000	
0.000000	
-0.000000	
0.000000	
0.000000	
0.000000	
0.000000	
0.000000	
0.000000	
0.000000	
0.000000	
0.000000	
0.000000	
0.000000	
0.057108	
0.000000	
0.118511	
0.000000	
0.000000	
0.000000	
0.000000	
0.000000	
0.006586	
0.000000	
0.000000	
0.000000	
0.000000	
-0.000000	
0.049514	
0.087782	
0.000000	
0.000000	
-0.000000	
0.159542	
