0.000000	
0.042777	
0.000000	
0.000000	
0.000000	
0.000000	
0.000000	
-0.000000	
0.000000	
0.000000	
0.210509	
0.000000	
0.000000	
0.000000	
0.033550	
-0.000000	
0.000000	
0.000000	
0.000000	
-0.000000	
0.039592	
0.046572	
0.000000	
0.000000	
0.000000	
0.000000	
0.000000	
0.000000	
0.000000	
-0.000000	
-0.000000	
-0.000000	
-0.000000	
-0.000000	
-0.000000	
0.000000	
0.000000	
-0.000000	
0.000000	
0.116157	
0.000000	
-0.000000	
0.000000	
0.000000	
0.008381	
0.000000	
0.000000	
0.000000	
-0.000000	
-0.000000	
0.000000	
0.000000	
0.000000	
0.000000	
-0.000000	
0.000000	
0.000000	
-0.000000	
0.000000	
0.000000	
0.000000	
0.000000	
0.000000	
0.066539	
0.000000	
0.135105	
-0.000000	
0.000000	
0.000000	
0.000000	
-0.000000	
0.019206	
0.000000	
0.000000	
0.000000	
-0.000000	
0.000000	
0.051884	
0.066012	
-0.000000	
0.000000	
0.000000	
0.163718	
