0.000000	
0.031342	
0.000000	
0.000000	
0.000000	
-0.000000	
0.000000	
0.000000	
0.000000	
0.000000	
0.188565	
0.000000	
0.000000	
0.000000	
0.054415	
0.000000	
0.000000	
0.000000	
0.000000	
0.000000	
0.034419	
0.053630	
0.000000	
0.000000	
-0.000000	
0.000000	
-0.000000	
0.000000	
0.000000	
0.000000	
0.000000	
0.000000	
0.000000	
0.000000	
0.000000	
0.000000	
0.000000	
0.000000	
0.000000	
0.123877	
0.000000	
0.000000	
0.000000	
0.000000	
0.022820	
0.000000	
0.000000	
0.000000	
-0.000000	
0.000000	
0.000000	
0.000000	
0.000000	
0.000000	
0.000000	
0.000000	
0.000000	
0.000000	
0.000000	
0.000000	
0.000000	
0.000000	
0.000000	
0.059115	
0.000000	
0.114366	
0.000000	
0.000000	
0.005231	
0.000000	
-0.000000	
0.000000	
-0.000000	
0.000000	
0.000000	
0.000000	
0.000000	
0.053011	
0.084181	
0.000000	
0.000000	
0.000000	
0.175027	
