0.000000	
0.043234	
-0.000000	
0.000000	
0.000000	
0.000000	
0.000000	
0.000000	
0.000000	
0.000000	
0.188061	
0.000000	
0.000000	
0.000000	
0.043438	
0.000000	
0.000000	
0.000000	
0.000000	
0.000000	
0.038440	
0.056604	
0.000000	
-0.000000	
0.000000	
0.000000	
0.000000	
-0.000000	
-0.000000	
0.000000	
0.000000	
-0.000000	
-0.000000	
0.000000	
-0.000000	
-0.000000	
-0.000000	
0.000000	
0.000000	
0.131412	
0.000000	
0.000000	
0.000000	
0.000000	
0.017354	
0.000000	
0.000000	
0.000000	
-0.000000	
0.000000	
0.000000	
0.000000	
0.000000	
0.000000	
0.000000	
0.000000	
0.000000	
-0.000000	
-0.000000	
0.000000	
0.000000	
0.000000	
0.000000	
0.061002	
0.000000	
0.108084	
0.000000	
-0.000000	
0.010319	
-0.000000	
0.000000	
0.000000	
0.000000	
0.000000	
0.000000	
0.000000	
-0.000000	
0.051092	
0.076367	
0.000000	
0.000000	
-0.000000	
0.174593	
