0.0000000000	
0.0000000000	
0.0000000000	
0.0000000000	
0.0000000000	
0.0000000000	
0.0000000000	
0.0000000000	
0.0000000000	
0.0000000000	
0.0000000000	
0.0000000000	
0.0000000000	
0.0000000000	
0.0000000000	
0.5201828871	
0.0000000000	
0.0000000000	
0.0000000000	
0.0000000000	
0.0000000000	
0.0000000000	
0.0000000000	
0.0000000000	
0.0000000000	
0.0000000000	
0.0000000000	
0.0000000000	
0.1733735746	
0.0000000000	
0.0000000000	
0.0000000000	
0.0086446676	
0.0000000000	
0.0170166432	
0.0000000000	
0.0000000000	
0.0000000000	
0.0000000000	
0.1497922521	
0.0000000000	
0.0000000000	
0.0000000000	
0.0000000000	
0.0000000000	
0.0000000000	
0.0000000000	
0.0000000000	
0.1309899754	
