-0.0000000000	
0.0000000000	
0.0000000000	
0.0000000000	
-0.0000000000	
-0.0000000000	
-0.0000000000	
0.0000000000	
-0.0000000000	
-0.0000000000	
-0.0000000000	
0.0000000000	
0.0000000000	
-0.0000000000	
-0.0000000000	
0.5986943391	
-0.0000000000	
0.0000000000	
0.0000000000	
-0.0000000000	
0.0000000000	
-0.0000000000	
-0.0000000000	
-0.0000000000	
-0.0000000000	
0.0000000000	
-0.0000000000	
-0.0000000000	
0.1962984725	
0.0000000000	
-0.0000000000	
-0.0000000000	
0.0000000000	
0.0479650377	
0.0193741974	
0.0000000000	
-0.0000000000	
-0.0000000000	
-0.0000000000	
-0.0000000000	
0.0000000000	
-0.0000000000	
-0.0000000000	
-0.0000000000	
0.0000000000	
-0.0000000000	
-0.0000000000	
-0.0000000000	
0.1376679533	
