0.0023637820	
0.0177784959	
0.0000000000	
0.0090053633	
0.0041569994	
0.0042937916	
0.0197020196	
0.0053723807	
0.0061300360	
0.0000000000	
0.0164240319	
0.0041110358	
0.0000000000	
0.0054639842	
0.0126100330	
0.0066890024	
0.0118628542	
0.0120681950	
0.0295952489	
0.0000000000	
0.0055846431	
0.0116909632	
0.0052251305	
0.0045055388	
0.0104501522	
0.0135316115	
0.0000000000	
0.0365297061	
0.0074400913	
0.0141158225	
0.0245493777	
0.0152080187	
0.0039522307	
0.0010645921	
0.0117633937	
0.0239853615	
0.0112992619	
0.0214613844	
0.0000000000	
0.0308249097	
0.0000000000	
0.0096026768	
0.0050201177	
0.0026343383	
0.0152070565	
0.0228703945	
0.0000000000	
0.0102612851	
0.0025919217	
0.0104871814	
0.0049428000	
0.0181295112	
0.0224105277	
0.0107055430	
0.0149417842	
0.0209377828	
0.0128522178	
0.0041369540	
0.0118411446	
0.0115469177	
0.0037892582	
0.0030601459	
0.0137874791	
0.0209205915	
0.0077496026	
0.0662097698	
0.0152213554	
0.0422610264	
0.0152894736	
0.0001917446	
0.0026568380	
0.0203953118	
0.0051746885	
0.0087081424	
0.0127386647	
0.0179071512	
0.0081392868	
0.0404227472	
0.0268413236	
0.0000000000	
0.0042867567	
0.0019977899	
0.0303212535	
