0.0034760997	
0.0170445236	
0.0000264923	
0.0085009124	
0.0038025560	
0.0027810054	
0.0205794910	
0.0038697196	
0.0043976964	
0.0000000000	
0.0154495873	
0.0033092799	
0.0000000000	
0.0062035055	
0.0115328667	
0.0033853519	
0.0143991261	
0.0111616930	
0.0301940689	
0.0000000000	
0.0050890481	
0.0119275228	
0.0043892680	
0.0044410918	
0.0086328938	
0.0135698264	
0.0001804779	
0.0356097734	
0.0037855326	
0.0131457367	
0.0250964653	
0.0177441986	
0.0056389580	
0.0000000000	
0.0073073729	
0.0264977146	
0.0085481232	
0.0216884853	
0.0013742416	
0.0309145555	
0.0000000000	
0.0092879572	
0.0061603216	
0.0030625422	
0.0154404691	
0.0233446046	
0.0013750670	
0.0133325964	
0.0032314145	
0.0105567656	
0.0061094128	
0.0204390876	
0.0199894869	
0.0109622815	
0.0138972388	
0.0226713146	
0.0160544344	
0.0053349122	
0.0113423977	
0.0116908907	
0.0022101822	
0.0000000000	
0.0154401210	
0.0197519678	
0.0064754116	
0.0622384878	
0.0157332218	
0.0432086123	
0.0163858247	
0.0032511762	
0.0057369930	
0.0200637573	
0.0028241767	
0.0029948412	
0.0180595591	
0.0181929092	
0.0129522738	
0.0438333261	
0.0239811801	
0.0003017029	
0.0039841709	
0.0000000000	
0.0324016460	
