0.0028269242	
0.0166575999	
0.0000000000	
0.0088994063	
0.0033001023	
0.0000000000	
0.0214081188	
0.0024274085	
0.0060357736	
0.0000000000	
0.0142190918	
0.0051288234	
0.0000000000	
0.0051798612	
0.0100962336	
0.0025609784	
0.0120383383	
0.0105643507	
0.0301323208	
0.0000000000	
0.0074617791	
0.0157074441	
0.0087870238	
0.0072524036	
0.0078542469	
0.0105128345	
0.0042171464	
0.0343658991	
0.0030659306	
0.0090289319	
0.0253535190	
0.0284377869	
0.0068214559	
0.0000000000	
0.0068934987	
0.0276896245	
0.0112575431	
0.0154593816	
0.0023122359	
0.0275163132	
0.0000000000	
0.0090590295	
0.0049109879	
0.0032214132	
0.0166038266	
0.0232307385	
0.0000461400	
0.0140260489	
0.0023706535	
0.0108538617	
0.0081155000	
0.0256701292	
0.0169332971	
0.0123335645	
0.0112610024	
0.0224624718	
0.0164054453	
0.0052636446	
0.0127055001	
0.0114662314	
0.0022580113	
0.0011725822	
0.0093253011	
0.0271717611	
0.0055814100	
0.0604934651	
0.0096375519	
0.0429808236	
0.0141953867	
0.0059849491	
0.0040420447	
0.0220506514	
0.0022481662	
0.0073760113	
0.0166585298	
0.0210193048	
0.0129626387	
0.0429912833	
0.0202823438	
0.0000000000	
0.0013385445	
0.0005502984	
0.0312691241	
