0.0020158322	
0.0168537932	
0.0000000000	
0.0092744944	
0.0039642260	
0.0000000000	
0.0210027919	
0.0035867610	
0.0046160016	
0.0000000000	
0.0146223166	
0.0051295245	
0.0000000000	
0.0047516521	
0.0103064530	
0.0035063837	
0.0115922487	
0.0062339502	
0.0312788489	
0.0000000000	
0.0074249351	
0.0156744993	
0.0084011354	
0.0072918119	
0.0082477801	
0.0095855928	
0.0040156638	
0.0346122072	
0.0036349123	
0.0065929707	
0.0240200979	
0.0298881193	
0.0069481572	
0.0000000000	
0.0064324443	
0.0272224413	
0.0107992113	
0.0170830066	
0.0047611455	
0.0252582194	
0.0026039671	
0.0091667879	
0.0057138818	
0.0037923679	
0.0146525159	
0.0234140463	
0.0001651413	
0.0130251609	
0.0024642864	
0.0118938292	
0.0065654067	
0.0267925382	
0.0146968254	
0.0132082496	
0.0097928297	
0.0244422537	
0.0180400996	
0.0054195929	
0.0128043158	
0.0118590197	
0.0025458397	
0.0011801575	
0.0041491041	
0.0335279999	
0.0053593536	
0.0590634306	
0.0073143283	
0.0445766486	
0.0147400958	
0.0105441913	
0.0036877114	
0.0223709660	
0.0010055446	
0.0079799393	
0.0140882899	
0.0202454478	
0.0115622635	
0.0457919011	
0.0192659702	
0.0013037865	
0.0014014517	
0.0001837331	
0.0309691003	
