0.0022187983	
0.0172926893	
0.0000000000	
0.0082341648	
0.0036466639	
0.0000000000	
0.0221733049	
0.0021834235	
0.0052561125	
0.0000000000	
0.0151749486	
0.0052081731	
0.0000000000	
0.0062635300	
0.0113631410	
0.0021756373	
0.0117460219	
0.0084213394	
0.0303136671	
0.0000000000	
0.0071207895	
0.0159780800	
0.0095590615	
0.0073650136	
0.0079183696	
0.0095320024	
0.0015086555	
0.0344564006	
0.0034255218	
0.0115368287	
0.0241553002	
0.0272629192	
0.0054068469	
0.0000000000	
0.0069154672	
0.0289830155	
0.0106726753	
0.0150503033	
0.0037094119	
0.0291850593	
0.0000000000	
0.0112391643	
0.0055675797	
0.0027202428	
0.0167165868	
0.0241454024	
0.0000000000	
0.0126539886	
0.0020865635	
0.0119369646	
0.0073224180	
0.0252946472	
0.0189527622	
0.0146002466	
0.0110239054	
0.0233773663	
0.0169825012	
0.0062374089	
0.0111584049	
0.0117915221	
0.0009970628	
0.0005262504	
0.0093686971	
0.0250471827	
0.0050014095	
0.0638048192	
0.0098760900	
0.0414428610	
0.0149494811	
0.0050796040	
0.0026806802	
0.0203795791	
0.0013625254	
0.0069474987	
0.0141283903	
0.0215680243	
0.0115478353	
0.0462872762	
0.0197288035	
0.0000000000	
0.0018645794	
0.0008506188	
0.0313397181	
