0.0016981158	
0.0165048318	
0.0007913400	
0.0072574266	
0.0001150360	
0.0000000000	
0.0195937094	
0.0043868208	
0.0035128204	
0.0000000000	
0.0127079591	
0.0092522080	
0.0019709239	
0.0067703863	
0.0110976425	
0.0050427917	
0.0144199076	
0.0061576205	
0.0220902076	
0.0000000000	
0.0093011928	
0.0139527511	
0.0094792980	
0.0080651122	
0.0037048819	
0.0082335982	
0.0042777833	
0.0254610874	
0.0029799807	
0.0063744522	
0.0166571785	
0.0314312092	
0.0108354617	
0.0017607198	
0.0076129640	
0.0256649761	
0.0088669507	
0.0162952727	
0.0101407106	
0.0263354113	
0.0075183576	
0.0085935540	
0.0063961366	
0.0035355718	
0.0177508987	
0.0135584329	
0.0033910391	
0.0141612350	
0.0040049520	
0.0153655690	
0.0079643246	
0.0250030973	
0.0131015957	
0.0105304127	
0.0173359680	
0.0191771057	
0.0177580338	
0.0084015233	
0.0135482112	
0.0114315397	
0.0014359956	
0.0026080721	
0.0159265891	
0.0272825998	
0.0039138541	
0.0466265835	
0.0168990752	
0.0351848278	
0.0126922747	
0.0112301667	
0.0054379848	
0.0232098964	
0.0010458146	
0.0074867870	
0.0170746346	
0.0165143511	
0.0129307183	
0.0488123110	
0.0227353923	
0.0000000000	
0.0063076268	
0.0043614917	
0.0309546539	
