0.0016650094	
0.0163146025	
0.0017203994	
0.0082021718	
0.0009034346	
0.0000278265	
0.0192080808	
0.0048975762	
0.0036451798	
0.0000000000	
0.0124529754	
0.0091521488	
0.0014604566	
0.0067715381	
0.0106191155	
0.0055393635	
0.0139817532	
0.0059082517	
0.0222639925	
0.0000000000	
0.0089134912	
0.0138662883	
0.0091906302	
0.0075405844	
0.0039172252	
0.0078916017	
0.0038445908	
0.0258265281	
0.0027664207	
0.0065789718	
0.0172320262	
0.0301009431	
0.0101589577	
0.0013339224	
0.0080745053	
0.0254063273	
0.0090636578	
0.0165565951	
0.0098851985	
0.0262563058	
0.0061343828	
0.0087746384	
0.0071145509	
0.0040718339	
0.0179720438	
0.0149162577	
0.0037355043	
0.0144406295	
0.0040206024	
0.0138964006	
0.0086135332	
0.0241943520	
0.0127398688	
0.0107338860	
0.0177237988	
0.0188623745	
0.0176128834	
0.0086825354	
0.0132349179	
0.0116311633	
0.0023685406	
0.0034256858	
0.0158300492	
0.0260910248	
0.0044383846	
0.0478683226	
0.0169842952	
0.0351125231	
0.0122420461	
0.0107117822	
0.0058495385	
0.0224696016	
0.0006866357	
0.0080693435	
0.0168554365	
0.0158707036	
0.0130185646	
0.0482308689	
0.0221544819	
0.0000061464	
0.0075995923	
0.0049780146	
0.0308936122	
