0.0029560606	
0.0140490204	
0.0029269584	
0.0090811307	
0.0058623175	
0.0007368929	
0.0174178238	
0.0042381971	
0.0042091550	
0.0005187922	
0.0120406715	
0.0087723078	
0.0058651197	
0.0064634155	
0.0088067923	
0.0052644665	
0.0147744785	
0.0077611369	
0.0186379552	
0.0000000000	
0.0100793471	
0.0148546092	
0.0097462663	
0.0107809540	
0.0049213013	
0.0089588492	
0.0051348079	
0.0208486525	
0.0058040430	
0.0083222393	
0.0143409556	
0.0280859503	
0.0122332942	
0.0041205621	
0.0075029037	
0.0230286313	
0.0094500391	
0.0182837301	
0.0103482038	
0.0233941444	
0.0120173108	
0.0090723744	
0.0092678566	
0.0060367686	
0.0179789076	
0.0108664897	
0.0046011893	
0.0130833402	
0.0044456828	
0.0184625118	
0.0076175284	
0.0227158844	
0.0135982874	
0.0089598775	
0.0187355479	
0.0199535168	
0.0172185127	
0.0098051832	
0.0133633405	
0.0110364027	
0.0033021796	
0.0028814626	
0.0183419245	
0.0243367845	
0.0047509628	
0.0349020463	
0.0191964426	
0.0257148070	
0.0133595476	
0.0140323214	
0.0056657905	
0.0199584513	
0.0019103160	
0.0075357324	
0.0184831467	
0.0159958158	
0.0144519854	
0.0446720087	
0.0212952735	
0.0000158927	
0.0083222393	
0.0053496917	
0.0260664871	
