0.0029026439	
0.0138484500	
0.0029319463	
0.0096017762	
0.0059353678	
0.0010744661	
0.0170432055	
0.0044029534	
0.0041829443	
0.0007015950	
0.0118503518	
0.0087532929	
0.0064307143	
0.0064473674	
0.0086797888	
0.0055775814	
0.0150028488	
0.0075683929	
0.0185122901	
0.0000000000	
0.0110355010	
0.0146062513	
0.0100389052	
0.0107915140	
0.0050312523	
0.0093783465	
0.0058877532	
0.0203498056	
0.0060173919	
0.0085464130	
0.0140920150	
0.0280897758	
0.0123543580	
0.0047002245	
0.0069440908	
0.0227294837	
0.0086479071	
0.0181289635	
0.0101068916	
0.0232487103	
0.0124698443	
0.0091499636	
0.0086476023	
0.0056642441	
0.0176888635	
0.0105481427	
0.0051534274	
0.0133002155	
0.0048090652	
0.0183636903	
0.0081027416	
0.0220234411	
0.0131679668	
0.0076970422	
0.0191863962	
0.0199838838	
0.0176284873	
0.0097379994	
0.0134065059	
0.0102954181	
0.0034563854	
0.0032800287	
0.0184290746	
0.0246641139	
0.0044383833	
0.0341486346	
0.0194924738	
0.0253131488	
0.0139467470	
0.0139659683	
0.0060579213	
0.0193328390	
0.0019534407	
0.0079863320	
0.0186455827	
0.0159478926	
0.0151283792	
0.0436204451	
0.0217685453	
0.0006211655	
0.0078682038	
0.0055069061	
0.0252289165	
