0.0022960467	
0.0140961893	
0.0019184332	
0.0080947719	
0.0062414743	
0.0012119974	
0.0175669670	
0.0052489750	
0.0071701979	
0.0004589815	
0.0128729474	
0.0075677106	
0.0066391345	
0.0065674538	
0.0098921870	
0.0065188866	
0.0156301625	
0.0059509171	
0.0176384413	
0.0000000000	
0.0129122630	
0.0205756887	
0.0104418299	
0.0102887354	
0.0000000000	
0.0107228760	
0.0051706680	
0.0192172757	
0.0060850920	
0.0077713279	
0.0120307034	
0.0267179320	
0.0132070478	
0.0055966329	
0.0070400685	
0.0215343883	
0.0072468819	
0.0195399020	
0.0098367133	
0.0225801628	
0.0129389513	
0.0112414075	
0.0068884793	
0.0044306596	
0.0196264283	
0.0097315117	
0.0056248294	
0.0125690588	
0.0059003249	
0.0178443903	
0.0070987816	
0.0212583140	
0.0142155620	
0.0087834366	
0.0200212678	
0.0190098128	
0.0191177812	
0.0109294868	
0.0133500118	
0.0110050234	
0.0003396576	
0.0044636824	
0.0192967440	
0.0274290663	
0.0004714092	
0.0331698445	
0.0193302730	
0.0232424352	
0.0156082777	
0.0130803013	
0.0068213889	
0.0170521085	
0.0009803363	
0.0080122316	
0.0190540147	
0.0149046643	
0.0144296662	
0.0467268185	
0.0213510221	
0.0013483785	
0.0099057927	
0.0053004916	
0.0239978109	
