0.0020636346	
0.0138497422	
0.0017737184	
0.0082603263	
0.0061021850	
0.0014085539	
0.0170399200	
0.0052073016	
0.0068493604	
0.0003720813	
0.0127688640	
0.0072557989	
0.0063590841	
0.0066087661	
0.0093306439	
0.0064251404	
0.0158782179	
0.0055948261	
0.0185456184	
0.0000000000	
0.0132779409	
0.0200543874	
0.0103518797	
0.0099115518	
0.0013659751	
0.0105074055	
0.0048845434	
0.0202451721	
0.0053856896	
0.0073471786	
0.0120207393	
0.0269918006	
0.0133326250	
0.0054048782	
0.0068301215	
0.0217834651	
0.0071375302	
0.0194899519	
0.0095141320	
0.0230043610	
0.0128282296	
0.0111740119	
0.0065798826	
0.0044390461	
0.0198569879	
0.0104469470	
0.0056851523	
0.0127631589	
0.0059511785	
0.0179929486	
0.0063889665	
0.0208678406	
0.0145284383	
0.0082448831	
0.0199801643	
0.0189004691	
0.0194261358	
0.0108705811	
0.0134365535	
0.0114747205	
0.0010421732	
0.0049439329	
0.0187528202	
0.0267683921	
0.0003291131	
0.0344596010	
0.0195864861	
0.0241301158	
0.0156193930	
0.0133683959	
0.0068396622	
0.0176986399	
0.0001096587	
0.0079891301	
0.0193769613	
0.0148951101	
0.0145845804	
0.0461586198	
0.0218037626	
0.0011968959	
0.0097082044	
0.0048771687	
0.0233897737	
