0.0018481493	
0.0141420480	
0.0037404880	
0.0093234453	
0.0080747111	
0.0016850579	
0.0173630764	
0.0042357582	
0.0072275318	
0.0022710173	
0.0138475671	
0.0084644087	
0.0086065488	
0.0086245506	
0.0120591991	
0.0079228963	
0.0143107649	
0.0049054416	
0.0138745845	
0.0000000000	
0.0139356339	
0.0169180361	
0.0117890680	
0.0117416836	
0.0024076106	
0.0101933774	
0.0072817842	
0.0138772914	
0.0074635189	
0.0105691009	
0.0067784490	
0.0236262314	
0.0128668087	
0.0081470406	
0.0076163512	
0.0176127566	
0.0060266110	
0.0204779823	
0.0109251729	
0.0191646662	
0.0132681321	
0.0115629880	
0.0084089494	
0.0055581206	
0.0173330910	
0.0059014906	
0.0067532033	
0.0125802897	
0.0068398741	
0.0174772504	
0.0061355481	
0.0185628727	
0.0127469589	
0.0117410688	
0.0209915722	
0.0179699513	
0.0167562647	
0.0120706484	
0.0117771597	
0.0139464401	
0.0029886165	
0.0062941770	
0.0197104890	
0.0246484445	
0.0036963072	
0.0308744771	
0.0205993982	
0.0192219891	
0.0180400044	
0.0115743876	
0.0074404480	
0.0168293074	
0.0030073640	
0.0089634703	
0.0188270188	
0.0159041534	
0.0138478786	
0.0372334105	
0.0208502560	
0.0028272800	
0.0123885603	
0.0077253638	
0.0261789049	
