0.0006941922	
0.0171208831	
0.0000000000	
0.0086659857	
0.0019401804	
0.0000000000	
0.0200951358	
0.0045718276	
0.0041192243	
0.0000000000	
0.0131370653	
0.0057186624	
0.0000000000	
0.0053198071	
0.0103320459	
0.0035242610	
0.0134681908	
0.0052638018	
0.0291209958	
0.0000000000	
0.0066971887	
0.0167910904	
0.0083881693	
0.0071637510	
0.0068766742	
0.0108137362	
0.0054436807	
0.0319543466	
0.0021166202	
0.0075420279	
0.0205340395	
0.0326556942	
0.0086496751	
0.0000000000	
0.0084580189	
0.0249247864	
0.0100897620	
0.0183059631	
0.0055942920	
0.0269874495	
0.0021379838	
0.0096149299	
0.0066175853	
0.0027622463	
0.0147663416	
0.0217785140	
0.0038517474	
0.0123166930	
0.0044797179	
0.0079737905	
0.0087967994	
0.0286560660	
0.0150706724	
0.0100599689	
0.0128564733	
0.0213104040	
0.0147544314	
0.0054466332	
0.0126436220	
0.0118298979	
0.0008008371	
0.0010366517	
0.0097295713	
0.0313547834	
0.0058301145	
0.0510647426	
0.0122983043	
0.0405865744	
0.0141326372	
0.0109080499	
0.0054765936	
0.0214331376	
0.0020198374	
0.0072073049	
0.0169682932	
0.0190200115	
0.0132897360	
0.0458611629	
0.0224627579	
0.0002626813	
0.0033529369	
0.0025336370	
0.0315658998	
