0.0017842099	
0.0163970656	
0.0000000000	
0.0092078421	
0.0042140319	
0.0000000000	
0.0210755227	
0.0036656465	
0.0040914501	
0.0000000000	
0.0141750412	
0.0044502178	
0.0000000000	
0.0046431141	
0.0097569448	
0.0025597930	
0.0120235170	
0.0056565993	
0.0321373299	
0.0000000000	
0.0074274520	
0.0147525495	
0.0087678338	
0.0074735946	
0.0076086480	
0.0098644722	
0.0036513988	
0.0350947615	
0.0026941238	
0.0071965055	
0.0241373679	
0.0295466487	
0.0068993187	
0.0000000000	
0.0058387915	
0.0273794852	
0.0104625657	
0.0166602486	
0.0051118398	
0.0253965721	
0.0023331764	
0.0088162140	
0.0061491664	
0.0034973116	
0.0143953568	
0.0240424103	
0.0000000000	
0.0121218736	
0.0027042548	
0.0111446705	
0.0067169392	
0.0278215256	
0.0143322669	
0.0132819230	
0.0107880533	
0.0248794612	
0.0181823653	
0.0051046969	
0.0132603806	
0.0124550356	
0.0018714504	
0.0004629377	
0.0051560879	
0.0337927646	
0.0046581329	
0.0580136656	
0.0084891278	
0.0456917456	
0.0147759299	
0.0113598400	
0.0039726994	
0.0231265116	
0.0007485428	
0.0073459200	
0.0150866779	
0.0199140743	
0.0124450386	
0.0471813529	
0.0197921323	
0.0011459682	
0.0003512880	
0.0000000000	
0.0307885260	
