0.0024920909	
0.0169811576	
0.0051120796	
0.0107176307	
0.0018887283	
0.0038871782	
0.0182263231	
0.0084986701	
0.0065493402	
0.0000000000	
0.0123804739	
0.0088603055	
0.0033370469	
0.0084119576	
0.0126412033	
0.0068070009	
0.0125469983	
0.0050810934	
0.0220743541	
0.0000000000	
0.0088036883	
0.0173636691	
0.0100648696	
0.0081371466	
0.0085766204	
0.0087545600	
0.0066553794	
0.0247001548	
0.0047084197	
0.0097159040	
0.0172627848	
0.0276594918	
0.0093552268	
0.0029006588	
0.0091244790	
0.0234351406	
0.0099502474	
0.0153075226	
0.0093166031	
0.0232561437	
0.0061323373	
0.0103462436	
0.0080439853	
0.0043879537	
0.0160282426	
0.0176806932	
0.0040941752	
0.0134074023	
0.0052501333	
0.0108241843	
0.0104171129	
0.0236003678	
0.0127099115	
0.0107818546	
0.0132187532	
0.0177444129	
0.0145918702	
0.0092193947	
0.0124543559	
0.0125996396	
0.0037645199	
0.0046000172	
0.0096460545	
0.0239225108	
0.0087254520	
0.0428252548	
0.0129441040	
0.0328296720	
0.0123590588	
0.0110625658	
0.0055902686	
0.0193621712	
0.0031861613	
0.0091582131	
0.0161278276	
0.0159142189	
0.0113174289	
0.0398275127	
0.0205005347	
0.0025277656	
0.0058030708	
0.0052375283	
0.0276927213	
