0.0023809754	
0.0156126556	
0.0010468618	
0.0068039770	
0.0032470042	
0.0000000000	
0.0197356043	
0.0036299745	
0.0025072933	
0.0000000000	
0.0130719087	
0.0086976346	
0.0030120782	
0.0066476119	
0.0094425336	
0.0040923393	
0.0140389042	
0.0082864849	
0.0227701452	
0.0000000000	
0.0106076129	
0.0142978795	
0.0093961794	
0.0092611770	
0.0043109382	
0.0076620611	
0.0042113741	
0.0255025162	
0.0021985940	
0.0077366342	
0.0173636665	
0.0319967069	
0.0103049584	
0.0017289372	
0.0065953565	
0.0255084074	
0.0086168644	
0.0183709560	
0.0099680073	
0.0256328559	
0.0086164324	
0.0082009860	
0.0054382768	
0.0025961944	
0.0180858275	
0.0139789388	
0.0029508041	
0.0146129720	
0.0037395039	
0.0177046272	
0.0070453046	
0.0243254329	
0.0129379700	
0.0093766568	
0.0171418731	
0.0200697711	
0.0176973192	
0.0091633463	
0.0120735181	
0.0111023592	
0.0005847291	
0.0024523978	
0.0165812339	
0.0264539401	
0.0030415291	
0.0429684501	
0.0181401265	
0.0320742157	
0.0139450224	
0.0118943529	
0.0052612588	
0.0224702829	
0.0014358656	
0.0065632420	
0.0177138819	
0.0168545539	
0.0135791483	
0.0495374220	
0.0226782303	
0.0000000000	
0.0068552239	
0.0043389636	
0.0314221449	
