0.0023557714	
0.0152661655	
0.0026798886	
0.0081071980	
0.0048612636	
0.0003393917	
0.0186185923	
0.0039560628	
0.0040269644	
0.0000000000	
0.0126106972	
0.0085618257	
0.0044809073	
0.0069754630	
0.0091080945	
0.0049517121	
0.0147593412	
0.0077986938	
0.0184020581	
0.0000000000	
0.0102829058	
0.0138576592	
0.0099403115	
0.0095951239	
0.0039988159	
0.0069028039	
0.0038209697	
0.0218344236	
0.0046063504	
0.0073305268	
0.0148823462	
0.0292879957	
0.0114132357	
0.0027347963	
0.0072181617	
0.0254616152	
0.0088792867	
0.0179397361	
0.0097474133	
0.0246183387	
0.0094655186	
0.0086896045	
0.0080538703	
0.0045468789	
0.0181286100	
0.0101065984	
0.0041052777	
0.0136240160	
0.0040879833	
0.0188247453	
0.0069446665	
0.0232773432	
0.0137058063	
0.0077852721	
0.0204411278	
0.0202617541	
0.0176495329	
0.0093563673	
0.0131958138	
0.0110444228	
0.0019109231	
0.0029188816	
0.0189873390	
0.0266006752	
0.0032623098	
0.0389778810	
0.0194490129	
0.0280599018	
0.0143479088	
0.0132225424	
0.0052307307	
0.0205597450	
0.0005693868	
0.0084327143	
0.0186264565	
0.0161663761	
0.0146217625	
0.0482872149	
0.0228677568	
0.0000000000	
0.0068580859	
0.0052462410	
0.0292880369	
