0.0016994225	
0.0165176532	
0.0016609198	
0.0085667831	
0.0009169424	
0.0003897042	
0.0190586598	
0.0049233390	
0.0036643820	
0.0000000000	
0.0121551830	
0.0090079813	
0.0016421604	
0.0066638545	
0.0104196648	
0.0054082141	
0.0141861014	
0.0060155642	
0.0225464472	
0.0000000000	
0.0087473852	
0.0142614078	
0.0091586176	
0.0080929730	
0.0037568076	
0.0082159390	
0.0038727452	
0.0260107965	
0.0027482178	
0.0066003680	
0.0170030542	
0.0286971413	
0.0103107372	
0.0013243354	
0.0079950360	
0.0253221112	
0.0090648672	
0.0166649114	
0.0096143379	
0.0261774734	
0.0064549380	
0.0086629840	
0.0070814664	
0.0038468001	
0.0178827498	
0.0147687710	
0.0036306244	
0.0147337568	
0.0039288982	
0.0136285714	
0.0084024325	
0.0241719338	
0.0128562070	
0.0105716898	
0.0175680379	
0.0189555412	
0.0176097541	
0.0086816562	
0.0132603909	
0.0114389607	
0.0024051735	
0.0034692769	
0.0158712883	
0.0255374201	
0.0043624584	
0.0481447747	
0.0169105305	
0.0354960274	
0.0125084458	
0.0108992525	
0.0058379277	
0.0223880904	
0.0010005299	
0.0080595511	
0.0170045201	
0.0160240682	
0.0131078163	
0.0479584521	
0.0219855122	
0.0000000000	
0.0075739535	
0.0052308511	
0.0310056750	
