0.0015715661	
0.0158145398	
0.0003520913	
0.0066284586	
0.0003695219	
0.0000000000	
0.0195110312	
0.0040587407	
0.0029252909	
0.0000000000	
0.0121345291	
0.0084600931	
0.0018384263	
0.0062222935	
0.0103268048	
0.0043422557	
0.0141821689	
0.0074302807	
0.0233393714	
0.0000000000	
0.0092881497	
0.0141517489	
0.0092510366	
0.0083065500	
0.0039959042	
0.0088526685	
0.0038627506	
0.0263403665	
0.0030790065	
0.0069210479	
0.0174165120	
0.0317315467	
0.0107779581	
0.0011479202	
0.0073507659	
0.0254449199	
0.0085285298	
0.0178057181	
0.0101424467	
0.0262159225	
0.0079715366	
0.0085001359	
0.0062682774	
0.0024091679	
0.0181364443	
0.0146763250	
0.0030102431	
0.0144024440	
0.0038423597	
0.0166255214	
0.0075706371	
0.0247460233	
0.0126059883	
0.0094997330	
0.0175656227	
0.0199337024	
0.0178890653	
0.0077380745	
0.0128208458	
0.0106879501	
0.0006283102	
0.0018377820	
0.0163475814	
0.0279404664	
0.0028785953	
0.0453890927	
0.0181230130	
0.0354389181	
0.0130387180	
0.0114008387	
0.0052486863	
0.0230700993	
0.0010615488	
0.0067546412	
0.0177836758	
0.0170143372	
0.0127339551	
0.0504421665	
0.0232891870	
0.0000000000	
0.0065342301	
0.0040582792	
0.0319668467	
