0.0019470985	
0.0165924569	
0.0025820829	
0.0090136946	
0.0014535335	
0.0009291423	
0.0191353357	
0.0054741255	
0.0040622630	
0.0000000000	
0.0121444466	
0.0093785860	
0.0026075541	
0.0071109321	
0.0106059579	
0.0057232214	
0.0139342373	
0.0058101978	
0.0213576199	
0.0000000000	
0.0086209531	
0.0142170295	
0.0094847238	
0.0087435047	
0.0043474195	
0.0080060111	
0.0049242234	
0.0247961650	
0.0037304917	
0.0074081036	
0.0162969796	
0.0279090451	
0.0103874489	
0.0019124224	
0.0082498159	
0.0248282989	
0.0095379742	
0.0163966199	
0.0099305765	
0.0256385419	
0.0071431419	
0.0093387610	
0.0068608716	
0.0037926919	
0.0174883175	
0.0141022043	
0.0036779870	
0.0142333542	
0.0040540272	
0.0138168534	
0.0089933562	
0.0220961245	
0.0133626928	
0.0103364736	
0.0167787341	
0.0185245195	
0.0177395375	
0.0097842759	
0.0133389952	
0.0117375712	
0.0029151418	
0.0040468785	
0.0150954723	
0.0250220423	
0.0053556083	
0.0465388728	
0.0161097877	
0.0343797640	
0.0122940919	
0.0113735171	
0.0059914095	
0.0216085073	
0.0014483921	
0.0084641633	
0.0165714293	
0.0159636820	
0.0131341712	
0.0459949900	
0.0210103384	
0.0007027696	
0.0077972142	
0.0055378838	
0.0302145469	
