0.0014460741	
0.0138532026	
0.0017797227	
0.0089351645	
0.0073032277	
0.0005228440	
0.0171510040	
0.0038946629	
0.0069330729	
0.0000000000	
0.0128983840	
0.0077110249	
0.0066733274	
0.0070982998	
0.0104797249	
0.0064878714	
0.0160595523	
0.0057664715	
0.0167153708	
0.0000000000	
0.0135962539	
0.0196453880	
0.0112348023	
0.0108540066	
0.0008704352	
0.0101907263	
0.0051723174	
0.0173333749	
0.0062712676	
0.0088398759	
0.0089895297	
0.0266811478	
0.0135509562	
0.0064011189	
0.0070812655	
0.0199295699	
0.0061888840	
0.0205395900	
0.0103389269	
0.0212007663	
0.0127306367	
0.0116369407	
0.0069929778	
0.0050248783	
0.0191266666	
0.0074279131	
0.0067568270	
0.0128007257	
0.0068355851	
0.0195970155	
0.0076243255	
0.0216135275	
0.0132360084	
0.0099036183	
0.0204186429	
0.0197382259	
0.0196783841	
0.0115500215	
0.0132095002	
0.0124219370	
0.0000000000	
0.0055117385	
0.0197758326	
0.0275618296	
0.0005914225	
0.0343679692	
0.0198580197	
0.0216825331	
0.0151227333	
0.0132630786	
0.0076774105	
0.0152727905	
0.0002523623	
0.0082591892	
0.0198949741	
0.0142823062	
0.0147021256	
0.0454065698	
0.0207469534	
0.0017310745	
0.0110187744	
0.0035514896	
0.0245252590	
