0.012160	
0.005657	
0.046862	
0.000000	
0.000000	
0.009791	
0.032819	
0.003924	
0.000000	
0.000000	
0.006586	
0.000054	
0.015314	
0.010929	
0.006139	
0.004480	
0.017302	
0.017645	
0.000000	
0.011042	
0.016753	
0.000000	
0.007980	
0.000000	
0.000000	
0.001933	
0.018429	
0.017077	
0.023586	
0.000000	
0.027080	
0.017329	
0.000000	
0.023781	
0.006269	
0.014525	
0.011042	
0.000000	
0.013986	
0.000000	
0.002046	
0.004484	
0.000000	
0.000000	
0.000000	
0.020938	
0.022626	
0.000000	
0.019376	
0.000161	
0.011245	
0.002815	
0.000000	
0.005043	
0.000000	
0.018634	
0.019144	
0.031068	
0.000510	
0.001089	
0.010754	
0.017344	
0.000000	
0.061227	
0.070823	
0.012662	
0.009489	
0.009511	
0.017931	
0.030172	
0.001888	
0.051935	
0.010604	
0.042504	
0.016293	
0.014506	
-0.000000	
0.000000	
0.018101	
0.009162	
0.012810	
0.002779	
0.000000	
0.000000	
0.019853	
