0.009516	
0.007847	
0.046557	
0.000199	
0.000000	
0.010804	
0.033293	
0.004177	
0.000000	
0.000000	
0.008691	
0.000251	
0.017328	
0.012338	
0.010830	
0.005603	
0.015178	
0.014947	
0.000000	
0.011643	
0.015859	
0.005130	
0.011037	
0.003371	
0.003794	
0.008078	
0.016645	
0.017375	
0.022481	
0.000000	
0.024849	
0.020081	
0.000733	
0.017897	
0.007944	
0.015450	
0.013203	
0.005247	
0.015684	
0.000000	
0.000379	
0.004633	
0.001260	
0.000180	
0.003280	
0.023489	
0.020748	
0.000050	
0.018369	
0.000000	
0.012347	
0.002370	
0.000773	
0.004741	
0.000000	
0.019548	
0.018998	
0.029576	
0.003578	
0.000000	
0.012824	
0.018352	
0.000251	
0.048491	
0.052560	
0.013606	
0.005320	
0.013032	
0.016961	
0.027188	
0.009044	
0.041654	
0.011772	
0.034261	
0.014996	
0.016266	
0.000879	
0.000000	
0.018156	
0.011622	
0.012621	
0.004182	
0.000000	
0.000248	
0.017336	
