0.011782	
0.005603	
0.048024	
0.000000	
-0.000000	
0.009603	
0.032802	
0.004072	
0.000000	
0.000000	
0.007919	
0.000096	
0.015234	
0.011069	
0.006308	
0.004900	
0.017089	
0.017482	
0.000000	
0.011194	
0.016916	
0.000000	
0.008195	
0.000000	
0.000000	
0.002502	
0.018804	
0.016960	
0.023208	
0.000000	
0.026673	
0.017378	
0.000000	
0.023243	
0.005788	
0.014700	
0.011275	
0.000276	
0.014062	
0.000000	
0.002149	
0.004220	
0.000000	
-0.000000	
0.000000	
0.021078	
0.022956	
-0.000000	
0.019399	
0.000000	
0.011610	
0.002764	
0.000000	
0.005405	
0.000000	
0.018565	
0.019199	
0.031065	
0.000625	
0.001315	
0.010391	
0.016504	
0.000000	
0.061007	
0.070566	
0.012652	
0.007646	
0.009449	
0.017693	
0.029972	
0.002346	
0.051289	
0.011094	
0.041859	
0.016449	
0.014700	
0.000000	
0.000000	
0.018136	
0.009780	
0.012808	
0.003182	
0.000000	
0.000000	
0.018971	
