0.009337	
0.004392	
0.054758	
0.000000	
0.000000	
0.010058	
0.036005	
0.004246	
0.000000	
0.000000	
0.006755	
0.000019	
0.018303	
0.010408	
0.007677	
0.003264	
0.015810	
0.017240	
0.000000	
0.010557	
0.016278	
0.000859	
0.008007	
0.000000	
0.001527	
0.005977	
0.017767	
0.017008	
0.022940	
0.000000	
0.028850	
0.020633	
0.000000	
0.018884	
0.004862	
0.014893	
0.010928	
0.001906	
0.013437	
0.000000	
0.000314	
0.003250	
0.000000	
0.000000	
0.003375	
0.023912	
0.021612	
-0.000000	
0.017822	
0.000000	
0.011303	
0.000878	
0.000000	
0.007291	
0.000000	
0.019692	
0.017682	
0.031841	
0.000363	
-0.000000	
0.008702	
0.017751	
0.000000	
0.057528	
0.066572	
0.011926	
0.006184	
0.011757	
0.017414	
0.028558	
0.007340	
0.049849	
0.010364	
0.039875	
0.014678	
0.016443	
0.000000	
0.000000	
0.018971	
0.011172	
0.013261	
0.002374	
0.000000	
0.000000	
0.016359	
