0.012599	
0.009804	
0.033077	
0.000766	
0.000000	
0.012330	
0.028107	
0.007176	
0.000000	
0.005953	
0.010003	
0.000488	
0.016606	
0.012790	
0.011580	
0.009265	
0.016364	
0.015533	
0.000000	
0.013239	
0.016688	
0.005786	
0.012877	
0.004909	
0.007744	
0.008649	
0.015392	
0.016085	
0.020778	
0.002475	
0.020057	
0.018871	
0.000000	
0.016508	
0.010897	
0.014613	
0.014009	
0.005449	
0.014920	
0.003522	
0.002549	
0.005997	
0.000000	
0.002359	
0.000000	
0.025738	
0.018840	
0.000000	
0.017548	
0.007902	
0.014563	
0.000000	
0.000000	
0.008306	
0.000867	
0.017714	
0.019216	
0.022732	
0.007268	
0.006671	
0.012092	
0.018209	
0.000034	
0.040516	
0.042330	
0.015287	
0.009651	
0.012872	
0.016212	
0.019683	
0.011504	
0.032284	
0.013446	
0.027983	
0.013186	
0.014494	
0.005867	
0.000907	
0.016982	
0.013589	
0.013723	
0.006545	
0.000000	
0.000366	
0.018058	
