0.012946	
0.009555	
0.032742	
0.001543	
0.000000	
0.011896	
0.027609	
0.007363	
0.000000	
0.006008	
0.010423	
0.000688	
0.015914	
0.012887	
0.011508	
0.009434	
0.016309	
0.015664	
0.000000	
0.013286	
0.016788	
0.005643	
0.012875	
0.005261	
0.007641	
0.009139	
0.015114	
0.016223	
0.020439	
0.002783	
0.020007	
0.018774	
0.000000	
0.015914	
0.011942	
0.014373	
0.013458	
0.005633	
0.014199	
0.003607	
0.002920	
0.006531	
0.000000	
0.002053	
0.000000	
0.025113	
0.018749	
0.000000	
0.016892	
0.009806	
0.014856	
0.000000	
0.000000	
0.008306	
0.001027	
0.017682	
0.019269	
0.022134	
0.007422	
0.008094	
0.012014	
0.017901	
0.000000	
0.040499	
0.041335	
0.015366	
0.009129	
0.012758	
0.015805	
0.019243	
0.011991	
0.031809	
0.013773	
0.027382	
0.013446	
0.014720	
0.005908	
0.000530	
0.016701	
0.013816	
0.013808	
0.006771	
0.000000	
0.000921	
0.017930	
