0.012634	
0.009349	
0.033129	
0.000000	
0.000000	
0.012432	
0.028944	
0.007293	
0.000000	
0.005400	
0.009589	
0.000000	
0.016731	
0.012850	
0.011426	
0.008711	
0.016386	
0.015838	
0.000000	
0.013333	
0.016742	
0.005837	
0.012648	
0.004646	
0.007130	
0.009410	
0.015395	
0.016252	
0.020999	
0.002508	
0.019613	
0.018888	
0.001195	
0.016142	
0.010751	
0.014802	
0.014039	
0.005029	
0.014790	
0.002847	
0.002432	
0.006928	
0.000000	
0.001961	
0.000000	
0.025656	
0.018760	
0.000000	
0.017033	
0.006770	
0.014316	
0.000597	
0.000000	
0.008346	
0.000394	
0.017866	
0.019268	
0.023199	
0.006903	
0.006806	
0.012794	
0.018115	
0.000008	
0.041366	
0.043384	
0.015251	
0.009094	
0.012963	
0.016088	
0.019842	
0.011395	
0.033000	
0.013132	
0.028639	
0.013435	
0.015126	
0.005495	
0.000982	
0.016963	
0.013637	
0.013829	
0.006471	
0.000000	
0.000198	
0.017847	
