0.011435	
0.010416	
0.029305	
0.001621	
0.002295	
0.012399	
0.023634	
0.009112	
0.000000	
0.006621	
0.011248	
0.003304	
0.012754	
0.012093	
0.011706	
0.009786	
0.016452	
0.015805	
0.000055	
0.013535	
0.017125	
0.006350	
0.015483	
0.006036	
0.008140	
0.008757	
0.014653	
0.015887	
0.018052	
0.005998	
0.018236	
0.015621	
0.001561	
0.019270	
0.015450	
0.014374	
0.013190	
0.007095	
0.013707	
0.006335	
0.005828	
0.005040	
0.000000	
0.004926	
0.000000	
0.021521	
0.018360	
0.000000	
0.017390	
0.010405	
0.013829	
0.005660	
0.000190	
0.008173	
0.004522	
0.016561	
0.017459	
0.017934	
0.009061	
0.009763	
0.010632	
0.018135	
0.001387	
0.037204	
0.034961	
0.013840	
0.009669	
0.013381	
0.016662	
0.018133	
0.010445	
0.027422	
0.014287	
0.025561	
0.012612	
0.013664	
0.007032	
0.003178	
0.017534	
0.012169	
0.012029	
0.008166	
0.002019	
0.001818	
0.016543	
