1441.46997100000
1465.15002400000
1441.35998500000
1360.16003400000
1424.36999500000
1387.11999500000
1346.08996600000
1333.35998500000
1409.17004400000
1395.06994600000
1464.46997100000
1527.45996100000
1498.57995600000
1516.34997600000
1356.56005900000
1434.54003900000
1452.43005400000
1432.63000500000
1420.95996100000
1406.94995100000
1378.02002000000
1477.26001000000
1456.94995100000
1464.45996100000
1441.47998000000
1454.59997600000
1478.90002400000
1509.97998000000
1480.18994100000
1419.89001500000
1462.93005400000
1471.83996600000
1491.71997100000
1506.44995100000
1520.77002000000
1494.50000000000
1465.81005900000
1448.71997100000
1436.51001000000
1408.98999000000
1374.17004400000
1396.93005400000
1379.57995600000
1426.68994100000
1365.97998000000
1367.71997100000
1341.77002000000
1315.22998000000
1369.89001500000
1312.15002400000
1305.94995100000
1320.28002900000
1298.34997600000
1318.55004900000
1342.54003900000
1354.94995100000
1349.46997100000
1314.76001000000
1301.53002900000
1245.85998500000
1234.18005400000
1233.42004400000
1150.53002900000
1139.82995600000
1160.32995600000
1128.43005400000
1183.50000000000
1242.97998000000
1253.05004900000
1266.60998500000
1245.67004400000
1291.95996100000
1277.89001500000
1260.67004400000
1264.95996100000
1214.35998500000
1225.34997600000
1224.38000500000
1190.58996600000
1215.68005400000
1210.84997600000
1205.81994600000
1214.34997600000
1190.16003400000
1161.96997100000
1184.93005400000
1133.57995600000
1085.78002900000
1092.54003900000
965.799988000000
1040.93994100000
1071.38000500000
1091.65002400000
1073.47998000000
1104.60998500000
1087.19995100000
1120.31005900000
1138.65002400000
1150.33996600000
1139.44995100000
1158.31005900000
1123.08996600000
1144.89001500000
1161.02002000000
1172.51001000000
1145.59997600000
1127.57995600000
1133.28002900000
1122.19995100000
1096.21997100000
1104.18005400000
1089.83996600000
1131.78002900000
1164.31005900000
1166.16003400000
1148.69995100000
1147.39001500000
1122.72998000000
1111.01001000000
1125.17004400000
1076.31994600000
1073.43005400000
1054.98999000000
1106.58996600000
1083.81994600000
1067.14001500000
1027.53002900000
1007.27002000000
989.140015000000
989.820007000000
989.030029000000
921.390015000000
847.750000000000
852.840027000000
864.239990000000
908.640015000000
928.770020000000
940.859985000000
916.070007000000
893.919983000000
889.809998000000
845.390015000000
827.369995000000
800.580017000000
835.320007000000
884.390015000000
897.650024000000
900.960022000000
894.739990000000
909.830017000000
930.549988000000
936.309998000000
912.229980000000
889.479980000000
895.760010000000
875.400024000000
908.590027000000
927.570007000000
901.780029000000
861.400024000000
855.700012000000
829.690002000000
834.890015000000
848.169983000000
841.150024000000
828.890015000000
833.270020000000
895.789978000000
863.500000000000
878.849976000000
868.299988000000
893.580017000000
898.809998000000
930.080017000000
933.409973000000
944.299988000000
933.219971000000
963.590027000000
987.760010000000
988.609985000000
995.690002000000
976.219971000000
985.700012000000
998.140015000000
993.320007000000
998.679993000000
980.150024000000
977.590027000000
990.669983000000
993.059998000000
1008.01001000000
1021.39001500000
1018.63000500000
1036.30004900000
996.849976000000
1029.84997600000
1038.06005900000
1039.31994600000
1028.91003400000
1050.70996100000
1053.20996100000
1050.34997600000
1035.28002900000
1058.19995100000
1061.50000000000
1074.14001500000
1088.66003400000
1095.89001500000
1108.47998000000
1121.85998500000
1139.82995600000
1141.55004900000
1131.13000500000
1142.76001000000
1145.81005900000
1144.10998500000
1144.93994100000
1156.85998500000
1120.56994600000
1109.78002900000
1108.06005900000
1141.81005900000
1139.31994600000
1134.60998500000
1140.59997600000
1107.30004900000
1098.69995100000
1095.69995100000
1093.56005900000
1120.68005400000
1122.50000000000
1136.46997100000
1135.02002000000
1134.43005400000
1125.38000500000
1112.81005900000
1101.39001500000
1086.19995100000
1101.71997100000
1063.96997100000
1064.80004900000
1098.34997600000
1107.77002000000
1113.63000500000
1123.92004400000
1128.55004900000
1110.10998500000
1131.50000000000
1122.14001500000
1108.19995100000
1095.73999000000
1130.19995100000
1166.17004400000
1184.17004400000
1170.33996600000
1182.65002400000
1191.17004400000
1188
1194.19995100000
1210.13000500000
1211.92004400000
1186.18994100000
1184.52002000000
1167.86999500000
1171.35998500000
1203.03002900000
1205.30004900000
1201.58996600000
1211.36999500000
1222.11999500000
1200.07995600000
1189.65002400000
1171.42004400000
1172.92004400000
1181.19995100000
1142.61999500000
1152.11999500000
1156.84997600000
1171.34997600000
1154.05004900000
1189.28002900000
1198.78002900000
1196.02002000000
1198.10998500000
1216.95996100000
1191.56994600000
1194.43994100000
1211.85998500000
1227.92004400000
1233.68005400000
1234.18005400000
1226.42004400000
1230.39001500000
1219.70996100000
1205.09997600000
1218.02002000000
1241.47998000000
1237.91003400000
1215.29003900000
1228.81005900000
1195.90002400000
1186.56994600000
1179.58996600000
1198.41003400000
1220.14001500000
1234.71997100000
1248.27002000000
1268.25000000000
1265.07995600000
1259.36999500000
1267.31994600000
1268.66003400000
1248.29003900000
1285.44995100000
1287.60998500000
1261.48999000000
1283.71997100000
1264.03002900000
1266.98999000000
1287.23999000000
1289.43005400000
1287.22998000000
1281.42004400000
1307.25000000000
1302.94995100000
1294.86999500000
1295.50000000000
1289.11999500000
1311.28002900000
1310.60998500000
1325.76001000000
1291.23999000000
1267.03002900000
1280.16003400000
1288.21997100000
1252.30004900000
1251.54003900000
1244.50000000000
1270.19995100000
1265.47998000000
1236.19995100000
1240.29003900000
1278.55004900000
1279.35998500000
1266.73999000000
1302.30004900000
1295.08996600000
1311.01001000000
1298.92004400000
1319.66003400000
1314.78002900000
1335.84997600000
1349.58996600000
1365.61999500000
1368.59997600000
1377.33996600000
1364.30004900000
1380.90002400000
1401.19995100000
1400.94995100000
1396.70996100000
1409.83996600000
1427.08996600000
1410.76001000000
1418.30004900000
1409.70996100000
1430.72998000000
1430.50000000000
1422.18005400000
1448.39001500000
1438.06005900000
1455.54003900000
1451.18994100000
1387.17004400000
1402.83996600000
1386.94995100000
1436.10998500000
1420.85998500000
1443.76001000000
1452.84997600000
1484.34997600000
1494.06994600000
1505.61999500000
1505.84997600000
1522.75000000000
1515.72998000000
1536.33996600000
1507.67004400000
1532.91003400000
1502.56005900000
1503.34997600000
1530.43994100000
1552.50000000000
1534.09997600000
1458.94995100000
1433.06005900000
1453.64001500000
1445.93994100000
1479.36999500000
1473.98999000000
1453.55004900000
1484.25000000000
1525.75000000000
1526.75000000000
1557.58996600000
1561.80004900000
1500.63000500000
1535.28002900000
1509.65002400000
1453.69995100000
1458.73999000000
1440.69995100000
1481.14001500000
1504.66003400000
1467.94995100000
1484.45996100000
1478.48999000000
1411.63000500000
1401.02002000000
1325.18994100000
1330.60998500000
1395.42004400000
1331.29003900000
1349.98999000000
1353.10998500000
1330.63000500000
1293.36999500000
1288.14001500000
1329.51001000000
1315.21997100000
1370.40002400000
1332.82995600000
1390.32995600000
1397.83996600000
1413.90002400000
1388.28002900000
1425.34997600000
1375.93005400000
1400.38000500000
1360.68005400000
1360.03002900000
1317.93005400000
1278.38000500000
1262.90002400000
1239.48999000000
1260.68005400000
1257.76001000000
1260.31005900000
1296.31994600000
1298.19995100000
1292.19995100000
1282.82995600000
1242.31005900000
1251.69995100000
1255.07995600000
1213.27002000000
1099.22998000000
899.219971000000
940.549988000000
876.770020000000
968.750000000000
930.989990000000
873.289978000000
800.030029000000
896.239990000000
876.070007000000
879.729980000000
887.880005000000
872.799988000000
931.799988000000
890.349976000000
850.119995000000
831.950012000000
825.880005000000
868.599976000000
826.840027000000
770.049988000000
735.090027000000
683.380005000000
756.549988000000
768.539978000000
815.940002000000
842.500000000000
856.559998000000
869.599976000000
866.229980000000
877.520020000000
929.229980000000
882.880005000000
887
919.140015000000
940.090027000000
946.210022000000
921.229980000000
918.900024000000
896.419983000000
879.130005000000
940.380005000000
979.260010000000
987.479980000000
1010.47998000000
1004.09002700000
1026.13000500000
1028.93005400000
1016.40002400000
1042.72998000000
1068.30004900000
1044.38000500000
1025.20996100000
1071.48999000000
1087.68005400000
1079.59997600000
1036.18994100000
1069.30004900000
1093.47998000000
1091.38000500000
1091.48999000000
1105.97998000000
1106.41003400000
1102.46997100000
1126.47998000000
1115.09997600000
1144.97998000000
1136.03002900000
1091.76001000000
1073.86999500000
1066.18994100000
1075.51001000000
1109.17004400000
1104.48999000000
1138.69995100000
1149.98999000000
1159.90002400000
1166.58996600000
1178.09997600000
1194.36999500000
1192.13000500000
1217.28002900000
1186.68994100000
1110.88000500000
1135.68005400000
1087.68994100000
1089.41003400000
1064.88000500000
1091.59997600000
1117.51001000000
1076.76001000000
1022.58001700000
1077.95996100000
1064.88000500000
1102.66003400000
1101.59997600000
1121.64001500000
1079.25000000000
1071.68994100000
1064.58996600000
1104.51001000000
1109.55004900000
1125.58996600000
1148.67004400000
1146.23999000000
1165.15002400000
1176.18994100000
1183.07995600000
1183.26001000000
1225.84997600000
1199.20996100000
1199.72998000000
1189.40002400000
1224.70996100000
1240.40002400000
1243.91003400000
1256.77002000000
1257.64001500000
1271.50000000000
1293.23999000000
1283.34997600000
1276.33996600000
1310.86999500000
1329.15002400000
1343.01001000000
1319.88000500000
1321.15002400000
1304.28002900000
1279.20996100000
1313.80004900000
1332.41003400000
1328.17004400000
1319.68005400000
1337.38000500000
1363.60998500000
1340.19995100000
1337.77002000000
1333.27002000000
1331.09997600000
1300.16003400000
1270.97998000000
1271.50000000000
1268.44995100000
1339.67004400000
1343.80004900000
1316.14001500000
1345.02002000000
1292.28002900000
1199.38000500000
1178.81005900000
1123.53002900000
1176.80004900000
1173.96997100000
1154.22998000000
1216.01001000000
1136.43005400000
1131.42004400000
1155.45996100000
1224.57995600000
1238.25000000000
1285.08996600000
1253.22998000000
1263.84997600000
1215.65002400000
1158.67004400000
1244.28002900000
1255.18994100000
1219.66003400000
1265.32995600000
1257.59997600000
1277.81005900000
1289.08996600000
1315.38000500000
1316.32995600000
1344.90002400000
1342.64001500000
1361.22998000000
1365.73999000000
1369.63000500000
1370.86999500000
1404.17004400000
1397.10998500000
1408.46997100000
1398.07995600000
1370.26001000000
1378.53002900000
1403.35998500000
1369.09997600000
1353.39001500000
1295.21997100000
1317.81994600000
1278.04003900000
1325.66003400000
1342.83996600000
1335.02002000000
1362.16003400000
1354.68005400000
1356.78002900000
1362.66003400000
1385.96997100000
1390.98999000000
1405.86999500000
1418.16003400000
1411.13000500000
1406.57995600000
1437.92004400000
1465.77002000000
1460.15002400000
1440.67004400000
1460.93005400000
1428.58996600000
1433.18994100000
1411.93994100000
1414.19995100000
1379.84997600000
1359.88000500000
1409.15002400000
1416.18005400000
1418.06994600000
1413.57995600000
1430.15002400000
1402.43005400000
1466.46997100000
1472.05004900000
1485.97998000000
1502.95996100000
1513.17004400000
1517.93005400000
1519.79003900000
1515.59997600000
1518.19995100000
1551.18005400000
1560.69995100000
1556.89001500000
1569.18994100000
1553.28002900000
1588.84997600000
1555.25000000000
1582.23999000000
1614.42004400000
1633.69995100000
1667.46997100000
1649.59997600000
1630.73999000000
1643.38000500000
1626.72998000000
1592.43005400000
1606.28002900000
1631.89001500000
1680.18994100000
1692.08996600000
1691.65002400000
1709.67004400000
1691.42004400000
1655.82995600000
1663.50000000000
1632.96997100000
1655.17004400000
1687.98999000000
1709.91003400000
1691.75000000000
1690.50000000000
1703.19995100000
1744.50000000000
1759.77002000000
1761.64001500000
1770.60998500000
1798.18005400000
1804.76001000000
1805.81005900000
1805.08996600000
1775.31994600000
1818.31994600000
1841.40002400000
1831.36999500000
1842.36999500000
1838.69995100000
1790.29003900000
1782.58996600000
1797.02002000000
1838.63000500000
1836.25000000000
1859.44995100000
1878.04003900000
1841.13000500000
1866.52002000000
1857.61999500000
1865.08996600000
1815.68994100000
1864.84997600000
1863.40002400000
1881.14001500000
1878.47998000000
1877.85998500000
1900.53002900000
1923.56994600000
1949.43994100000
1936.16003400000
1962.86999500000
1960.95996100000
1985.43994100000
1967.56994600000
1978.21997100000
1978.33996600000
1925.15002400000
1931.58996600000
1955.06005900000
1988.40002400000
2003.36999500000
2007.70996100000
1985.54003900000
2010.40002400000
1982.84997600000
1967.90002400000
1906.13000500000
1886.76001000000
1964.57995600000
2018.05004900000
2031.92004400000
2039.81994600000
2063.50000000000
2067.56005900000
2075.37011700000
2002.32995600000
2070.64990200000
2088.77002000000
2058.19995100000
2044.81005900000
2019.42004400000
2051.82006800000
1994.98999000000
2055.46997100000
2096.98999000000
2110.30004900000
2104.50000000000
2071.26001000000
2053.39990200000
2108.10009800000
2061.02002000000
2066.95996100000
2102.06005900000
2081.17993200000
2117.68994100000
2108.29003900000
2116.10009800000
2122.72998000000
2126.06005900000
2107.38989300000
2092.83007800000
2094.11010700000
2109.98999000000
2101.48999000000
2076.78002900000
2076.62011700000
2126.63989300000
2079.64990200000
2103.84008800000
2077.57006800000
2091.54003900000
1970.89001500000
1988.86999500000
1921.21997100000
1961.05004900000
1958.03002900000
1931.33996600000
1951.35998500000
2014.89001500000
2033.10998500000
2075.14990200000
2079.36010700000
2099.19995100000
2023.04003900000
2089.16992200000
2090.11010700000
2091.68994100000
2012.36999500000
2005.55004900000
2060.98999000000
2043.93994100000
1922.03002900000
1880.32995600000
1906.90002400000
1940.23999000000
1880.05004900000
1864.78002900000
1917.78002900000
1948.05004900000
1999.98999000000
2022.18994100000
2049.58007800000
2035.93994100000
2072.78002900000
2047.59997600000
2080.72998000000
2091.58007800000
2065.30004900000
2057.13989300000
2046.60998500000
2052.32006800000
2099.06005900000
2099.12988300000
2096.07006800000
2071.21997100000
2037.41003400000
2102.94995100000
2129.89990200000
2161.73999000000
2175.03002900000
2173.60009800000
2182.87011700000
2184.05004900000
2183.87011700000
2169.04003900000
2179.97998000000
2127.81005900000
2139.15991200000
2164.68994100000
2168.27002000000
2153.73999000000
2132.97998000000
2141.15991200000
2126.40991200000
2085.17993200000
2164.44995100000
2181.89990200000
2213.35009800000
2191.94995100000
2259.53002900000
2258.07006800000
2263.79003900000
2238.83007800000
2276.97998000000
2274.63989300000
2271.31005900000
2294.68994100000
2297.41992200000
2316.10009800000
2351.15991200000
2367.34008800000
2383.12011700000
2372.60009800000
2378.25000000000
2343.97998000000
2362.71997100000
2355.54003900000
2328.94995100000
2348.68994100000
2384.19995100000
2399.29003900000
2390.89990200000
2381.72998000000
2415.82006800000
2439.07006800000
2431.77002000000
2433.14990200000
2438.30004900000
2423.40991200000
2425.17993200000
2459.27002000000
2472.54003900000
2472.10009800000
2476.83007800000
2441.32006800000
2425.55004900000
2443.05004900000
2476.55004900000
2461.42993200000
2500.22998000000
2502.21997100000
2519.36010700000
2549.33007800000
2553.16992200000
2575.20996100000
2581.07006800000
2587.84008800000
2582.30004900000
2578.85009800000
2602.41992200000
2642.21997100000
2651.50000000000
2675.81005900000
2683.34008800000
2673.61010700000