0.002029	
0.004989	
0.003736	
0.002324	
0.003315	
0.002508	
0.002497	
0.001827	
0.003821	
0.001810	
0.002039	
0.001873	
0.003909	
0.002449	
0.000782	
0.002500	
0.002466	
0.003109	
0.003429	
0.003831	
0.002353	
0.001878	
0.003376	
0.003643	
0.003309	
0.001891	
0.003897	
0.004729	
0.005005	
0.004649	
0.002191	
0.003790	
0.002532	
0.002462	
0.003967	
0.002770	
0.004776	
0.002922	
0.001322	
0.001879	
0.003694	
0.002595	
0.002364	
0.002243	
0.002760	
0.002556	
0.002504	
0.003591	
0.001540	
0.005278	
0.004273	
0.003390	
0.001251	
0.001948	
0.003309	
0.002838	
0.001135	
0.001079	
0.002058	
0.002078	
0.002688	
0.003275	
0.003386	
0.001702	
0.001980	
0.004329	
0.003003	
0.003150	
0.002984	
0.002100	
0.001674	
0.001917	
0.002267	
0.002026	
0.004052	
0.001844	
0.002244	
0.002726	
0.003555	
0.002378	
0.002239	
0.001412	
0.001062	
0.003394	
0.002164	
0.004904	
0.002815	
0.002298	
0.002011	
0.002368	
0.002862	
0.003432	
0.004362	
0.002772	
0.002200	
0.002370	
0.003083	
0.002044	
0.002606	
0.003346	
0.002463	
0.002056	
0.004226	
0.002279	
0.002175	
0.002718	
0.002966	
0.002454	
0.001895	
0.003228	
0.002497	
0.002135	
0.002628	
0.001815	
0.004283	
0.002611	
0.003180	
0.001941	
0.004029	
0.003077	
0.002844	
0.002175	
0.002157	
0.002640	
0.001524	
0.003407	
0.003056	
0.002204	
0.001654	
0.004431	
0.002886	
0.002570	
0.003998	
0.003696	
0.003450	
0.003189	
0.002762	
0.000921	
0.004722	
0.002061	
0.002185	
0.002405	
0.001077	
0.002470	
0.002622	
0.002699	
0.002848	
0.002908	
0.002293	
0.002073	
0.002427	
0.003576	
0.002231	
0.004814	
0.002092	
0.003950	
0.001675	
0.002022	
0.002646	
0.003815	
0.002617	
0.002399	
0.004536	
0.001421	
0.004307	
0.002054	
0.004384	
0.001414	
0.002417	
0.001624	
0.000866	
0.002721	
0.003058	
0.002300	
0.002446	
0.004509	
0.002567	
0.001700	
0.002356	
0.002403	
0.003107	
0.001777	
0.002060	
0.002551	
0.002805	
0.001684	
0.005732	
0.001218	
0.002082	
0.001424	
0.002372	
0.002279	
0.004105	
0.003463	
0.001349	
0.003333	
0.003507	
0.002251	
0.002829	
0.003352	
0.002612	
0.002079	
0.003012	
0.003841	
0.002785	
0.002354	
0.002141	
0.002028	
0.003153	
0.002788	
0.003531	
0.001460	
0.003507	
0.003386	
0.002629	
0.002723	
0.001605	
0.002130	
0.007598	
0.005384	
0.002673	
0.001302	
0.002544	
0.002410	
0.001366	
0.001320	
0.002527	
0.003262	
0.002564	
0.002747	
0.001992	
0.002660	
0.003509	
0.003184	
0.002894	
0.003198	
0.003476	
0.003094	
0.002931	
0.001718	
0.003040	
0.006709	
0.001905	
0.003256	
0.003737	
0.001579	
0.001825	
0.004243	
0.003098	
0.001971	
0.002752	
0.003483	
0.002500	
0.002219	
0.001803	
0.001192	
0.001416	
0.002915	
0.002611	
0.003451	
0.002641	
0.002729	
0.002680	
0.002699	
0.002146	
0.002260	
0.002437	
0.003246	
0.003318	
0.003840	
0.003364	
0.004472	
0.001482	
0.003191	
0.003050	
0.002806	
0.006600	
0.002275	
0.002763	
0.003795	
0.002689	
0.003641	
0.004468	
0.003315	
0.004441	
0.004520	
0.002808	
0.006161	
0.003893	
0.002084	
0.002062	
0.003594	
0.003730	
0.002909	
0.002217	
0.003777	
0.002984	
0.001940	
0.002303	
0.003588	
0.002761	
0.003623	
0.002809	
0.002323	
0.003965	
0.002685	
0.004648	
0.002591	
0.001943	
0.001392	
0.002298	
0.001733	
0.003526	
0.003261	
0.002785	
0.002386	
0.005447	
0.002668	
0.004201	
0.000990	
0.002120	
0.002249	
0.002937	
0.003214	
0.003916	
0.002221	
0.003164	
0.001370	
0.004534	
0.002515	
0.003055	
0.004212	
0.002415	
0.002838	
0.001948	
0.004339	
0.004269	
0.001318	
0.003044	
0.002014	
0.005102	
0.002573	
0.002987	
0.002707	
0.002617	
0.002455	
0.004747	
0.000912	
0.000959	
0.002132	
0.002156	
0.001556	
0.002647	
0.001504	
0.003262	
0.001916	
