0.001787	
0.005259	
0.004186	
0.002434	
0.003187	
0.002270	
0.002584	
0.001675	
0.003475	
0.001560	
0.001966	
0.001889	
0.004193	
0.002423	
0.000679	
0.002433	
0.002321	
0.003496	
0.002868	
0.003961	
0.002198	
0.001090	
0.001337	
0.003948	
0.003589	
0.001851	
0.004039	
0.004693	
0.005526	
0.005023	
0.002096	
0.003740	
0.002285	
0.002509	
0.004032	
0.002648	
0.004744	
0.003062	
0.001052	
0.001918	
0.004030	
0.002495	
0.002061	
0.002080	
0.002712	
0.002464	
0.002576	
0.003968	
0.001412	
0.005530	
0.004393	
0.003596	
0.001320	
0.001667	
0.003546	
0.002861	
0.000969	
0.000922	
0.001968	
0.002239	
0.002509	
0.003241	
0.003507	
0.001696	
0.001734	
0.004842	
0.003083	
0.003260	
0.003204	
0.001897	
0.001605	
0.001827	
0.001813	
0.001861	
0.004127	
0.001651	
0.001945	
0.002702	
0.003601	
0.002449	
0.002176	
0.001272	
0.000770	
0.003087	
0.001974	
0.005451	
0.002680	
0.002704	
0.001717	
0.002435	
0.002705	
0.003337	
0.004771	
0.002759	
0.002302	
0.002458	
0.003134	
0.001852	
0.002448	
0.003393	
0.002353	
0.002025	
0.004748	
0.002141	
0.001051	
0.002666	
0.002940	
0.002524	
0.001822	
0.003210	
0.002386	
0.002176	
0.002657	
0.001569	
0.004404	
0.002768	
0.003583	
0.001838	
0.004601	
0.003249	
0.002760	
0.002116	
0.002059	
0.002705	
0.001613	
0.003380	
0.002624	
0.002090	
0.001673	
0.004645	
0.002877	
0.002372	
0.004344	
0.003844	
0.003352	
0.003364	
0.002676	
0.000695	
0.005597	
0.002129	
0.001847	
0.002367	
0.001216	
0.002320	
0.002582	
0.002741	
0.002667	
0.002843	
0.002128	
0.001988	
0.002511	
0.003828	
0.002254	
0.005294	
0.001989	
0.003810	
0.001416	
0.002658	
0.002643	
0.003958	
0.002692	
0.002392	
0.004857	
0.001232	
0.004058	
0.002039	
0.004739	
0.001218	
0.002301	
0.001419	
0.000627	
0.002563	
0.003139	
0.001989	
0.002572	
0.004641	
0.002462	
0.001539	
0.002373	
0.002168	
0.003661	
0.001787	
0.001799	
0.002649	
0.002418	
0.001523	
0.006176	
0.001160	
0.002312	
0.001547	
0.002303	
0.002318	
0.004602	
0.003613	
0.001387	
0.003350	
0.003358	
0.002054	
0.002931	
0.003131	
0.002366	
0.002683	
0.002959	
0.004222	
0.002786	
0.002283	
0.002035	
0.001868	
0.002870	
0.003244	
0.003715	
0.001397	
0.003564	
0.003622	
0.002636	
0.002666	
0.001373	
0.002005	
0.008396	
0.005545	
0.002930	
0.001089	
0.002390	
0.002215	
0.000994	
0.001174	
0.002364	
0.003093	
0.002331	
0.002637	
0.001155	
0.002589	
0.003476	
0.003430	
0.002918	
0.003095	
0.003658	
0.002848	
0.002842	
0.001563	
0.002787	
0.005679	
0.001914	
0.003175	
0.003384	
0.001410	
0.001827	
0.004565	
0.003311	
0.001805	
0.002697	
0.003532	
0.002386	
0.002247	
0.001736	
0.001170	
0.001165	
0.002878	
0.002398	
0.003695	
0.002691	
0.002590	
0.002517	
0.002778	
0.001986	
0.002358	
0.002386	
0.004248	
0.003454	
0.004387	
0.003164	
0.004385	
0.001450	
0.003366	
0.003015	
0.002856	
0.007594	
0.001875	
0.002995	
0.003662	
0.003125	
0.003596	
0.004489	
0.003331	
0.004533	
0.004911	
0.002610	
0.006807	
0.004229	
0.001861	
0.002261	
0.003697	
0.003605	
0.002971	
0.002257	
0.004019	
0.003127	
0.001683	
0.002327	
0.003863	
0.002645	
0.004397	
0.002850	
0.002324	
0.004085	
0.002645	
0.004897	
0.002551	
0.001771	
0.001159	
0.002044	
0.001973	
0.003758	
0.003292	
0.002974	
0.002344	
0.006159	
0.002429	
0.003852	
0.000649	
0.001744	
0.002221	
0.003047	
0.003571	
0.003974	
0.001933	
0.003152	
0.001317	
0.004218	
0.002393	
0.003577	
0.004494	
0.002390	
0.002816	
0.001893	
0.005097	
0.004413	
0.001251	
0.003092	
0.002196	
0.005509	
0.002558	
0.003104	
0.002780	
0.002680	
0.002247	
0.005249	
0.000822	
0.000678	
0.002013	
0.001905	
0.001485	
0.002676	
0.001387	
0.003342	
0.001528	
