0.001864	
0.005363	
0.004259	
0.002448	
0.003089	
0.002277	
0.002689	
0.001686	
0.003645	
0.001486	
0.001893	
0.002001	
0.004075	
0.002436	
0.000572	
0.002421	
0.002361	
0.003470	
0.003216	
0.003693	
0.002255	
0.001213	
0.001304	
0.003905	
0.003793	
0.001796	
0.004068	
0.004459	
0.005460	
0.004958	
0.002101	
0.003679	
0.002699	
0.002508	
0.004096	
0.002654	
0.004564	
0.003012	
0.000912	
0.001870	
0.003937	
0.002484	
0.001986	
0.002019	
0.002573	
0.002425	
0.002796	
0.004134	
0.001399	
0.005466	
0.004566	
0.003631	
0.001332	
0.001604	
0.003863	
0.002956	
0.000903	
0.000921	
0.001749	
0.002170	
0.002616	
0.003262	
0.003517	
0.001469	
0.001552	
0.004913	
0.003008	
0.003145	
0.003048	
0.001756	
0.001602	
0.001705	
0.001851	
0.001800	
0.004246	
0.001560	
0.001991	
0.002712	
0.003755	
0.002709	
0.002126	
0.001076	
0.000757	
0.003277	
0.001844	
0.005462	
0.002542	
0.002622	
0.001965	
0.002398	
0.002754	
0.003358	
0.004547	
0.002655	
0.002265	
0.002525	
0.003256	
0.001967	
0.002451	
0.003234	
0.002305	
0.002039	
0.004836	
0.002628	
0.000969	
0.002474	
0.002806	
0.002490	
0.001682	
0.003161	
0.002347	
0.002237	
0.002719	
0.001705	
0.004577	
0.002748	
0.003769	
0.001786	
0.004602	
0.003249	
0.002955	
0.002211	
0.002079	
0.002605	
0.001642	
0.003427	
0.003229	
0.002145	
0.001693	
0.004693	
0.002736	
0.002311	
0.004146	
0.004082	
0.003699	
0.003345	
0.002599	
0.000654	
0.005538	
0.002033	
0.001929	
0.002399	
0.001311	
0.002315	
0.002494	
0.002787	
0.002840	
0.002691	
0.002054	
0.001862	
0.002789	
0.003676	
0.002207	
0.005117	
0.001912	
0.004215	
0.001501	
0.002407	
0.002467	
0.003950	
0.002751	
0.002339	
0.004713	
0.001268	
0.003850	
0.002060	
0.004456	
0.001193	
0.002352	
0.001540	
0.000553	
0.002703	
0.003073	
0.002039	
0.002723	
0.004761	
0.002471	
0.001515	
0.002356	
0.002125	
0.003660	
0.001622	
0.001773	
0.002634	
0.002477	
0.001468	
0.006385	
0.001116	
0.002177	
0.001822	
0.002360	
0.002288	
0.004477	
0.003570	
0.001145	
0.003198	
0.003470	
0.002046	
0.002933	
0.003135	
0.002392	
0.002734	
0.002880	
0.004287	
0.002812	
0.002029	
0.002107	
0.001767	
0.002905	
0.003342	
0.003732	
0.001376	
0.003449	
0.003459	
0.002508	
0.002476	
0.001333	
0.002038	
0.008448	
0.005536	
0.003007	
0.001125	
0.002961	
0.002239	
0.000958	
0.000946	
0.002276	
0.003123	
0.002697	
0.002606	
0.001506	
0.002568	
0.003457	
0.003281	
0.002746	
0.002946	
0.003932	
0.003021	
0.002896	
0.001525	
0.002867	
0.005575	
0.001750	
0.003153	
0.003562	
0.001432	
0.001885	
0.004436	
0.003405	
0.001769	
0.002607	
0.003632	
0.002378	
0.002210	
0.001680	
0.001069	
0.001222	
0.002699	
0.002449	
0.003585	
0.002678	
0.002603	
0.002476	
0.002835	
0.001884	
0.002444	
0.002358	
0.004294	
0.003366	
0.004286	
0.003268	
0.004672	
0.001577	
0.003038	
0.002972	
0.002870	
0.007540	
0.001818	
0.003013	
0.003731	
0.003276	
0.003784	
0.004591	
0.003368	
0.004535	
0.005487	
0.002528	
0.006899	
0.004060	
0.001783	
0.002100	
0.003773	
0.003598	
0.002892	
0.002401	
0.004147	
0.003048	
0.001586	
0.002256	
0.003859	
0.002693	
0.004332	
0.002943	
0.002339	
0.003954	
0.002601	
0.004969	
0.002419	
0.001567	
0.001065	
0.002021	
0.001906	
0.003645	
0.003298	
0.003054	
0.002304	
0.006168	
0.002293	
0.003642	
0.000702	
0.001782	
0.002245	
0.003019	
0.003419	
0.003907	
0.001892	
0.003312	
0.001226	
0.004545	
0.002378	
0.003537	
0.004386	
0.002210	
0.002887	
0.001716	
0.005024	
0.004773	
0.001226	
0.003082	
0.002034	
0.005696	
0.002467	
0.003166	
0.002766	
0.002732	
0.002144	
0.005389	
0.000889	
0.000724	
0.001926	
0.001845	
0.001575	
0.002570	
0.001360	
0.003387	
0.001427	
