0.002206	
0.004946	
0.003561	
0.002435	
0.003503	
0.002475	
0.002375	
0.001937	
0.003863	
0.001930	
0.002158	
0.001812	
0.004070	
0.002566	
0.000776	
0.002421	
0.002523	
0.002917	
0.003608	
0.003412	
0.002497	
0.002175	
0.003103	
0.003722	
0.003325	
0.001881	
0.003970	
0.004779	
0.004999	
0.004755	
0.002271	
0.003822	
0.002220	
0.002508	
0.004003	
0.002779	
0.004828	
0.002842	
0.001633	
0.002023	
0.003523	
0.002961	
0.002457	
0.002398	
0.003001	
0.002642	
0.002474	
0.003553	
0.001654	
0.005065	
0.004333	
0.003319	
0.001380	
0.001911	
0.003400	
0.002662	
0.001348	
0.001153	
0.001967	
0.001776	
0.002937	
0.003231	
0.003446	
0.001852	
0.002244	
0.004329	
0.002873	
0.003141	
0.003193	
0.002083	
0.001669	
0.001954	
0.002362	
0.001992	
0.003986	
0.001937	
0.002279	
0.002681	
0.003532	
0.002396	
0.002277	
0.001275	
0.001186	
0.003405	
0.002367	
0.004849	
0.002785	
0.002179	
0.002061	
0.002430	
0.003043	
0.003313	
0.004604	
0.002760	
0.002092	
0.002083	
0.003233	
0.002191	
0.002648	
0.003339	
0.002545	
0.002131	
0.004061	
0.002109	
0.002385	
0.002787	
0.002949	
0.002448	
0.002038	
0.003060	
0.002377	
0.002423	
0.002668	
0.001865	
0.004103	
0.002590	
0.002986	
0.002036	
0.003830	
0.003028	
0.002826	
0.002252	
0.002258	
0.002673	
0.001537	
0.003337	
0.002968	
0.002332	
0.001701	
0.004155	
0.002910	
0.002587	
0.003574	
0.003443	
0.003685	
0.003017	
0.002719	
0.000512	
0.004576	
0.001976	
0.002274	
0.002303	
0.001398	
0.002401	
0.002441	
0.002525	
0.002588	
0.002751	
0.002287	
0.002249	
0.002269	
0.003546	
0.002095	
0.004642	
0.002226	
0.003686	
0.001910	
0.002275	
0.002570	
0.003473	
0.002617	
0.002384	
0.004524	
0.001301	
0.004217	
0.002200	
0.004046	
0.001567	
0.002571	
0.001704	
0.000762	
0.002730	
0.003073	
0.002449	
0.002522	
0.004396	
0.002402	
0.001829	
0.002299	
0.002478	
0.003044	
0.001686	
0.002074	
0.002265	
0.002867	
0.001587	
0.005452	
0.001317	
0.001886	
0.001610	
0.002346	
0.002185	
0.004190	
0.003410	
0.001420	
0.003360	
0.003455	
0.002340	
0.002833	
0.003663	
0.002620	
0.001917	
0.002944	
0.003717	
0.003015	
0.002494	
0.001712	
0.002252	
0.003212	
0.002713	
0.003649	
0.001478	
0.003574	
0.003444	
0.002578	
0.002627	
0.001702	
0.002315	
0.007507	
0.005119	
0.002315	
0.001174	
0.002436	
0.002467	
0.001598	
0.001458	
0.002483	
0.003368	
0.003048	
0.002859	
0.001912	
0.002297	
0.003527	
0.003141	
0.004232	
0.003271	
0.003188	
0.003106	
0.003170	
0.001798	
0.002898	
0.006903	
0.001567	
0.003078	
0.003600	
0.001443	
0.001941	
0.004023	
0.003037	
0.002074	
0.002660	
0.003385	
0.002289	
0.002327	
0.001844	
0.001264	
0.001408	
0.003106	
0.002722	
0.003717	
0.002756	
0.002883	
0.002707	
0.002779	
0.002221	
0.002309	
0.002350	
0.003164	
0.003146	
0.004020	
0.003279	
0.004101	
0.001618	
0.003320	
0.002866	
0.002706	
0.006296	
0.002322	
0.002786	
0.003744	
0.002850	
0.003648	
0.004475	
0.003374	
0.004345	
0.003791	
0.002770	
0.006206	
0.003750	
0.002222	
0.002018	
0.003679	
0.003788	
0.002708	
0.001966	
0.003559	
0.002883	
0.002102	
0.002324	
0.003371	
0.002899	
0.003259	
0.002804	
0.002427	
0.004049	
0.002841	
0.004441	
0.002664	
0.002067	
0.001308	
0.002037	
0.001691	
0.003347	
0.003273	
0.003017	
0.002401	
0.005148	
0.002802	
0.004523	
0.000958	
0.002287	
0.002289	
0.002919	
0.003012	
0.004055	
0.002312	
0.003195	
0.001478	
0.004558	
0.002448	
0.003241	
0.004301	
0.002397	
0.002629	
0.002168	
0.004603	
0.004114	
0.001379	
0.003143	
0.001824	
0.004964	
0.002656	
0.002908	
0.002648	
0.002518	
0.002521	
0.004554	
0.001235	
0.001051	
0.002256	
0.002226	
0.001560	
0.002593	
0.001496	
0.003306	
0.002001	
