0.002223	
0.004935	
0.003537	
0.002472	
0.003424	
0.002529	
0.002430	
0.001945	
0.003979	
0.001895	
0.002119	
0.001852	
0.004011	
0.002538	
0.000826	
0.002454	
0.002500	
0.002863	
0.003702	
0.003567	
0.002447	
0.002216	
0.003380	
0.003715	
0.003345	
0.001952	
0.004005	
0.004701	
0.005022	
0.004690	
0.002350	
0.003857	
0.002327	
0.002491	
0.004033	
0.002752	
0.004906	
0.002867	
0.001545	
0.001983	
0.003409	
0.002909	
0.002395	
0.002415	
0.002968	
0.002587	
0.002507	
0.003604	
0.001669	
0.005227	
0.004296	
0.003416	
0.001425	
0.002053	
0.003414	
0.002715	
0.001361	
0.001173	
0.001910	
0.001896	
0.002863	
0.003254	
0.003426	
0.001855	
0.002216	
0.004397	
0.002892	
0.003057	
0.003154	
0.002132	
0.001679	
0.001873	
0.002299	
0.002015	
0.004041	
0.001894	
0.002303	
0.002628	
0.003634	
0.002378	
0.002147	
0.001236	
0.001100	
0.003379	
0.002333	
0.004941	
0.002739	
0.002240	
0.002060	
0.002380	
0.002938	
0.003310	
0.004480	
0.002745	
0.002085	
0.002187	
0.003107	
0.002176	
0.002687	
0.003313	
0.002521	
0.002119	
0.003994	
0.002081	
0.002337	
0.002941	
0.003016	
0.002462	
0.001985	
0.003054	
0.002474	
0.002334	
0.002694	
0.001842	
0.004121	
0.002635	
0.003127	
0.001998	
0.003800	
0.003116	
0.002866	
0.002216	
0.002217	
0.002646	
0.001527	
0.003241	
0.002969	
0.002288	
0.001675	
0.004116	
0.002924	
0.002555	
0.003333	
0.003508	
0.003759	
0.003027	
0.002803	
0.000783	
0.004728	
0.001923	
0.002239	
0.002338	
0.001289	
0.002417	
0.002495	
0.002353	
0.002637	
0.002828	
0.002259	
0.002188	
0.002280	
0.003600	
0.002032	
0.004596	
0.002195	
0.003621	
0.001916	
0.002214	
0.002456	
0.003663	
0.002585	
0.002376	
0.004550	
0.001257	
0.004263	
0.002188	
0.004249	
0.001502	
0.002541	
0.001728	
0.000800	
0.002723	
0.003128	
0.002403	
0.002504	
0.004409	
0.002514	
0.001803	
0.002324	
0.002429	
0.003043	
0.001647	
0.002042	
0.002323	
0.002889	
0.001573	
0.005642	
0.001333	
0.001675	
0.001508	
0.002362	
0.002254	
0.004136	
0.003433	
0.001441	
0.003405	
0.003456	
0.002307	
0.002828	
0.003697	
0.002580	
0.001737	
0.003018	
0.003612	
0.002927	
0.002451	
0.001714	
0.002208	
0.003295	
0.002737	
0.003640	
0.001484	
0.003559	
0.003415	
0.002585	
0.002626	
0.001712	
0.002259	
0.007497	
0.005073	
0.002243	
0.001317	
0.002364	
0.002442	
0.001526	
0.001450	
0.002461	
0.003446	
0.003000	
0.002828	
0.002000	
0.002346	
0.003525	
0.003043	
0.003501	
0.003279	
0.003292	
0.003078	
0.002964	
0.001780	
0.002877	
0.006946	
0.001853	
0.003129	
0.003690	
0.001483	
0.001944	
0.003931	
0.003014	
0.002026	
0.002660	
0.003444	
0.002530	
0.002284	
0.001817	
0.001282	
0.001440	
0.003054	
0.002683	
0.003571	
0.002790	
0.002902	
0.002688	
0.002813	
0.002193	
0.002319	
0.002452	
0.003218	
0.003201	
0.004024	
0.003281	
0.004126	
0.001447	
0.003353	
0.002950	
0.002666	
0.006566	
0.002250	
0.002761	
0.003766	
0.002755	
0.003597	
0.004485	
0.003393	
0.004266	
0.004021	
0.002783	
0.006190	
0.003746	
0.002140	
0.001974	
0.003674	
0.003651	
0.002623	
0.002054	
0.003628	
0.002793	
0.002051	
0.002322	
0.003396	
0.002870	
0.003365	
0.002807	
0.002470	
0.004073	
0.002813	
0.004573	
0.002684	
0.001961	
0.001356	
0.002094	
0.001638	
0.003385	
0.003343	
0.002960	
0.002374	
0.005125	
0.002691	
0.004588	
0.001080	
0.002252	
0.002332	
0.002934	
0.003034	
0.003999	
0.002262	
0.003125	
0.001477	
0.004498	
0.002463	
0.003187	
0.004244	
0.002388	
0.002670	
0.002174	
0.004736	
0.004174	
0.001344	
0.003126	
0.001860	
0.005049	
0.002627	
0.002965	
0.002621	
0.002600	
0.002461	
0.004664	
0.001072	
0.001028	
0.002222	
0.002296	
0.001565	
0.002537	
0.001606	
0.003268	
0.001968	
