0.064057	
0.000000	
0.000000	
0.000000	
0.000000	
0.000000	
0.000000	
0.000000	
0.000000	
0.000000	
0.000000	
0.137439	
0.000000	
0.000000	
0.000000	
0.249576	
0.000000	
0.000000	
0.000000	
0.000000	
0.000000	
0.000000	
0.000000	
0.000000	
0.000000	
0.087159	
0.000000	
0.000000	
0.000000	
0.000000	
0.140552	
0.000000	
0.000000	
0.000000	
0.000000	
0.000000	
0.000000	
0.000000	
0.000000	
0.000000	
0.000000	
0.000000	
0.000000	
0.000000	
0.321217	
0.000000	
0.000000	
0.000000	
0.000000	
0.000000	
0.000000	
0.000000	
0.000000	
0.000000	
0.000000	
0.000000	
0.000000	
0.000000	
0.000000	
0.000000	
0.000000	
0.000000	
0.000000	
0.000000	
0.000000	
0.000000	
0.000000	
0.000000	
0.000000	
0.000000	
0.000000	
0.000000	
0.000000	
0.000000	
0.000000	
0.000000	
0.000000	
0.000000	
0.000000	
0.000000	
0.000000	
0.000000	
