0.047988	
0.000000	
0.000000	
0.000000	
0.000000	
0.000000	
0.000000	
0.000000	
-0.000000	
0.000000	
0.000000	
0.251687	
0.000000	
0.000000	
0.000000	
0.184487	
0.000000	
0.000000	
0.000000	
0.025658	
0.000000	
0.041853	
0.000000	
0.000000	
0.000000	
0.000000	
0.000000	
0.000000	
0.000000	
-0.000000	
0.107374	
0.043906	
0.000000	
0.000000	
0.000000	
0.000000	
0.000000	
0.000000	
0.023988	
-0.000000	
0.000000	
0.000000	
0.000000	
0.000000	
0.273058	
0.000000	
0.000000	
0.000000	
0.000000	
0.000000	
0.000000	
0.000000	
0.000000	
0.000000	
0.000000	
0.000000	
0.000000	
0.000000	
0.000000	
0.000000	
0.000000	
0.000000	
0.000000	
0.000000	
0.000000	
0.000000	
0.000000	
0.000000	
0.000000	
0.000000	
0.000000	
0.000000	
0.000000	
0.000000	
0.000000	
0.000000	
0.000000	
0.000000	
0.000000	
0.000000	
0.000000	
0.000000	
