0.046956	
0.000000	
0.000000	
-0.000000	
0.000000	
0.000000	
0.000000	
0.000000	
0.000000	
0.000000	
0.000000	
0.251816	
0.000000	
0.000000	
0.000000	
0.175332	
0.000000	
-0.000000	
0.000000	
0.013207	
0.000000	
0.028971	
0.000000	
0.000000	
0.000000	
0.033905	
0.000000	
0.000000	
0.000000	
0.000000	
0.101819	
0.066201	
0.000000	
0.000000	
0.000000	
0.000000	
0.000000	
0.000000	
0.013278	
0.000000	
0.000000	
0.000000	
0.000000	
0.000000	
0.268515	
0.000000	
0.000000	
0.000000	
0.000000	
0.000000	
0.000000	
0.000000	
0.000000	
0.000000	
0.000000	
0.000000	
0.000000	
0.000000	
0.000000	
0.000000	
0.000000	
0.000000	
0.000000	
0.000000	
0.000000	
0.000000	
0.000000	
0.000000	
0.000000	
0.000000	
0.000000	
0.000000	
-0.000000	
0.000000	
0.000000	
0.000000	
0.000000	
0.000000	
-0.000000	
0.000000	
0.000000	
0.000000	
