0.0000000000	
0.0246575651	
0.0000000000	
0.0000000000	
0.0000000000	
0.0000000000	
0.0000000000	
0.0000000000	
0.0000000000	
0.0000000000	
0.0000000000	
-0.0000000000	
0.0103272615	
0.0000000000	
-0.0000000000	
-0.0000000000	
0.0000000000	
-0.0000000000	
0.0000000000	
0.1655031458	
-0.0000000000	
-0.0000000000	
0.0000000000	
-0.0000000000	
0.0000000000	
0.0000000000	
0.0000000000	
-0.0000000000	
0.0122769168	
0.0000000000	
-0.0000000000	
0.0000000000	
-0.0000000000	
0.0000000000	
0.0000000000	
0.0000000000	
0.0000000000	
0.0495474029	
0.0000000000	
0.0000000000	
0.0031722439	
-0.0000000000	
0.0000000000	
0.0000000000	
0.0000000000	
-0.0000000000	
0.0000000000	
0.0377047380	
-0.0000000000	
0.0000000000	
0.0754638828	
0.1807272514	
0.0076486604	
0.0000000000	
0.0000000000	
0.0000000000	
0.0000000000	
-0.0000000000	
0.0000000000	
0.0000000000	
0.0000000000	
0.0109802746	
0.0091142826	
0.0000000000	
0.0000000000	
0.0000000000	
0.0000000000	
0.0000000000	
0.0000000000	
0.0000000000	
0.0000000000	
-0.0000000000	
0.0000000000	
0.0000000000	
0.0040220064	
0.0000000000	
0.0000000000	
0.0000000000	
0.0000000000	
0.0472436625	
-0.0000000000	
0.0192377037	
-0.0000000000	
0.1027126526	
0.0000000000	
-0.0000000000	
0.0057870565	
-0.0000000000	
0.1599890049	
0.0738842878	
0.0000000000	
0.0000000000	
0.0000000000	
-0.0000000000	
0.0000000000	
0.0000000000	
-0.0000000000	
0.0000000000	
