0.0000000000	
0.0000000000	
-0.0000000000	
0.0000000000	
-0.0000000000	
0.0000000000	
0.0005597395	
0.0000000000	
0.0000000000	
0.0000000000	
-0.0000000000	
0.0000000000	
0.0130936647	
0.0037056176	
0.0000000000	
0.0000000000	
0.0000000000	
0.0000000000	
-0.0000000000	
0.2133895471	
0.0000000000	
0.0000000000	
0.0000000000	
-0.0000000000	
-0.0000000000	
0.0000000000	
0.0000000000	
0.0000000000	
0.0125815614	
0.0000000000	
0.0266979493	
0.0000000000	
0.0000000000	
0.0000000000	
0.0000000000	
0.0000000000	
-0.0000000000	
0.0299299376	
0.0000000000	
0.0000000000	
0.0238937239	
-0.0000000000	
0.0000000000	
0.0000000000	
0.0000000000	
0.0000000000	
-0.0000000000	
0.0036783802	
-0.0000000000	
0.0000000000	
0.1029706838	
0.1671310681	
-0.0000000000	
0.0000000000	
0.0278931339	
0.0000000000	
0.0000000000	
0.0000000000	
0.0000000000	
-0.0000000000	
-0.0000000000	
0.0412865362	
0.0268255671	
0.0000000000	
0.0000000000	
0.0000000000	
0.0000000000	
0.0000000000	
0.0000000000	
0.0000000000	
0.0000000000	
0.0000000000	
0.0000000000	
0.0000000000	
0.0273237399	
0.0000000000	
-0.0000000000	
-0.0000000000	
0.0000000000	
0.0482315739	
0.0000000000	
-0.0000000000	
0.0000000000	
0.0543945740	
0.0000000000	
0.0000000000	
0.0000000000	
-0.0000000000	
0.1362063597	
0.0039261746	
0.0250041508	
-0.0000000000	
0.0000000000	
0.0000000000	
0.0000000000	
0.0000000000	
-0.0000000000	
0.0112763165	
