0.0000000000	
0.0000000000	
0.0000000000	
0.0000000000	
0.0000000000	
0.0000000000	
0.0064681104	
0.0000000000	
0.0000000000	
0.0000000000	
0.0000000000	
-0.0000000000	
0.0124796685	
0.0044851588	
0.0000000000	
0.0000000000	
0.0000000000	
0.0000000000	
0.0000000000	
0.2138650762	
0.0000000000	
0.0000000000	
0.0000000000	
0.0000000000	
0.0000000000	
0.0000000000	
0.0000000000	
0.0000000000	
0.0000000000	
0.0000000000	
0.0415154783	
0.0000000000	
0.0000000000	
-0.0000000000	
0.0000000000	
0.0000000000	
0.0000000000	
0.0371591938	
0.0000000000	
0.0000000000	
0.0239593084	
0.0000000000	
0.0000000000	
0.0000000000	
0.0000000000	
0.0000000000	
0.0000000000	
0.0110005513	
0.0000000000	
0.0000000000	
0.1087142582	
0.1540932145	
0.0092351922	
0.0000000000	
0.0169589038	
-0.0000000000	
0.0000000000	
0.0000000000	
0.0000000000	
0.0000000000	
0.0000000000	
0.0460817324	
0.0142350773	
0.0000000000	
0.0000000000	
0.0000000000	
0.0000000000	
0.0000000000	
0.0000000000	
-0.0000000000	
0.0000000000	
0.0000000000	
0.0000000000	
0.0000000000	
0.0210219937	
0.0000000000	
0.0000000000	
0.0000000000	
0.0000000000	
0.0508598063	
0.0000000000	
0.0000000000	
0.0000000000	
0.0484854959	
0.0000000000	
0.0000000000	
0.0000000000	
0.0000000000	
0.1216889232	
0.0000000000	
0.0296188021	
0.0000000000	
0.0000000000	
0.0000000000	
0.0000000000	
0.0000000000	
0.0000000000	
0.0280740546	
