0.0000000000	
0.0000000000	
0.0000000000	
0.0000000000	
0.0000000000	
0.0000000000	
0.0235535213	
0.0000000000	
0.0000000000	
0.0000000000	
0.0000000000	
0.0000000000	
0.0057877189	
0.0106844174	
0.0000000000	
0.0000000000	
0.0000000000	
0.0000000000	
0.0000000000	
0.1496774629	
0.0000000000	
0.0000000000	
0.0000000000	
0.0000000000	
0.0000000000	
0.0000000000	
0.0000000000	
0.0000000000	
0.0030275779	
0.0000000000	
0.0000000000	
0.0000000000	
0.0000000000	
0.0000000000	
0.0000000000	
0.0000000000	
0.0000000000	
0.0798996454	
0.0000000000	
0.0000000000	
0.0410830335	
0.0000000000	
0.0000000000	
0.0000000000	
0.0000000000	
0.0000000000	
0.0000000000	
0.0000000000	
0.0000000000	
0.0000000000	
0.0762172489	
0.1105354574	
0.0000000001	
0.0000000000	
0.0249337895	
0.0485468612	
0.0000000000	
0.0000000000	
0.0000000000	
0.0000000000	
0.0000000000	
0.0180365897	
0.0849249589	
0.0000000000	
0.0000000000	
0.0000000000	
0.0000000000	
0.0000000000	
0.0000000000	
0.0000000000	
0.0000000000	
0.0000000000	
0.0000000000	
0.0000000000	
0.0246741796	
0.0000000000	
0.0000000000	
0.0000000000	
0.0204874896	
0.0000000000	
0.0000000000	
0.0000000000	
0.0088046889	
0.0930175972	
0.0000000000	
0.0000000000	
0.0000000000	
0.0000000000	
0.1518647443	
0.0000000000	
0.0168655243	
0.0000000000	
0.0000000000	
0.0000000000	
0.0029585309	
0.0000000000	
0.0000000000	
0.0044189622	
