0.0000000000	
0.0000000000	
0.0000000000	
-0.0000000000	
0.0000000000	
0.0000000000	
0.0027259874	
-0.0000000000	
0.0000000000	
0.0000000000	
0.0000000000	
0.0000000000	
0.0173964096	
0.0000000000	
0.0000000000	
0.0000000000	
0.0000000000	
-0.0000000000	
0.0000000000	
0.2133137609	
0.0000000000	
0.0000000000	
0.0000000000	
0.0000000000	
0.0000000000	
0.0000000000	
0.0000000000	
0.0000000000	
0.0040592718	
0.0000000000	
0.0328038041	
0.0000000000	
0.0000000000	
0.0000000000	
0.0000000000	
-0.0000000000	
0.0000000000	
0.0442641778	
0.0000000000	
0.0000000000	
0.0152415981	
0.0000000000	
0.0000000000	
0.0000000000	
0.0000000000	
0.0000000000	
0.0000000000	
0.0125698441	
0.0000000000	
0.0000000000	
0.0922862703	
0.1651825762	
0.0000000000	
0.0000000000	
0.0371247024	
0.0000000000	
0.0000000000	
0.0000000000	
0.0000000000	
0.0000000000	
0.0000000000	
0.0178641511	
0.0000000000	
0.0000000000	
0.0000000000	
0.0000000000	
0.0000000000	
0.0000000000	
0.0000000000	
0.0000000000	
0.0000000000	
0.0000000000	
0.0000000000	
0.0000000000	
0.0270134818	
0.0000000000	
0.0000000000	
0.0000000000	
0.0000000000	
0.0571524806	
0.0000000000	
0.0146548740	
0.0000000000	
0.0843842507	
0.0000000000	
0.0000000000	
0.0000000000	
0.0000000000	
0.1460184642	
0.0159438948	
0.0000000000	
0.0000000000	
0.0000000000	
0.0000000000	
0.0000000000	
0.0000000000	
0.0000000000	
-0.0000000000	
