0.0000000000	
0.0000000000	
0.0000000000	
0.0000000000	
0.0000000000	
0.0000000000	
0.0000000000	
0.0000000000	
0.0000000000	
0.0000000000	
0.0000000000	
0.0000000000	
0.0226910080	
0.0000000000	
0.0000000000	
0.0000000000	
0.0000000000	
0.0440207310	
0.0000000000	
0.1244799115	
0.0000000000	
0.0000000000	
0.0000000000	
0.0000000000	
0.0000000000	
0.0000000000	
0.0000000000	
0.0000000000	
0.0000000000	
0.0000000000	
0.0716279404	
0.0000000000	
0.0000000000	
0.0000000000	
0.0000000000	
0.0000000000	
0.0000000000	
0.0000000000	
0.0106014277	
0.0000000000	
0.0055540683	
0.0000000000	
0.0000000000	
0.0000000000	
0.0000000000	
0.0000000000	
0.0000000000	
0.0000000000	
0.0000000000	
0.0000000000	
0.0872658220	
0.1735883154	
0.0000000000	
0.0000000000	
0.1059393913	
0.0432343017	
0.0000000000	
0.0000000000	
0.0000000000	
0.0000000000	
0.0000000000	
0.0000000000	
0.0000000000	
0.0000000000	
0.0000000000	
0.0000000000	
0.0000000000	
0.0000000000	
0.0000000000	
0.0000000000	
0.0000000000	
0.0000000000	
0.0000000000	
0.0000000000	
0.0639056091	
0.0000000000	
0.0000000000	
0.0000000000	
0.0000000000	
0.0177583604	
0.0000000000	
0.0000000000	
0.0000000000	
0.0763347061	
0.0000000000	
0.0000000000	
0.0000000000	
0.0000000000	
0.1249652636	
0.0000000000	
0.0000000000	
0.0000000000	
0.0000000000	
0.0000000000	
0.0000000000	
0.0000000000	
0.0000000000	
0.0280331434	
