0.0000000000	
0.0000000000	
0.0000000000	
-0.0000000000	
0.0000000000	
0.0000000000	
0.0000000000	
0.0000000000	
0.0000000000	
0.0000000000	
-0.0000000000	
0.0000000000	
0.0000000000	
0.0000000000	
0.0000000000	
0.0000000000	
0.0000000000	
0.1036711207	
0.0000000000	
0.0000000000	
0.0000000000	
-0.0000000000	
0.0000000000	
0.0000000000	
-0.0000000000	
0.0000000000	
0.0000000000	
0.0417181132	
0.0000000000	
0.0000000000	
0.0642825892	
0.0000000000	
0.0351698808	
0.0000000000	
0.0000000000	
0.0000000000	
0.0000000000	
0.0000000000	
0.0000000000	
0.0000000000	
0.0000000000	
0.0000000000	
0.0000000000	
0.0000000000	
0.0000000000	
0.0000000000	
0.0000000000	
0.0000000000	
0.0000000000	
0.0000000000	
0.0532766507	
0.0087430540	
0.0282626223	
0.0000000000	
0.0137485935	
0.0000000000	
0.0082881636	
0.0000000000	
0.0000000000	
0.0844647788	
0.0629021022	
0.0035342186	
0.0000000000	
0.0000000000	
0.0000000000	
0.0000000000	
0.0000000000	
0.0000000000	
0.0000000000	
0.0087352557	
0.0000000000	
0.0000000000	
0.0251838118	
0.0000000000	
0.0602870659	
0.0000000000	
0.0000000000	
0.0000000000	
0.0000000000	
0.0000000000	
0.0000000000	
0.0108374893	
0.0118034633	
0.1009775072	
0.0000000000	
0.0000000000	
0.1008979576	
0.0000000000	
0.1184546159	
0.0000000000	
0.0023441975	
0.0000000000	
0.0316511291	
0.0000000000	
0.0050077031	
0.0000000000	
-0.0000000000	
0.0157579161	
