0.0000000000	
-0.0000000000	
0.0000000000	
0.0000000058	
0.0000000000	
0.0000000000	
0.0734899649	
0.0000000000	
0.0000000000	
0.0000000000	
0.0000000000	
0.0000000000	
0.0236027431	
0.0000000000	
0.0000000000	
0.0000000000	
0.0000000000	
0.0066106162	
0.0000000000	
0.0906263437	
0.0000000000	
0.0000000000	
-0.0000000000	
0.0000000000	
0.0000000000	
0.0003785620	
-0.0000000000	
0.0000000000	
0.0000000000	
-0.0000000000	
0.0013803649	
0.0000000000	
0.0000000000	
0.0000000000	
0.0000000000	
0.0000000000	
0.0000000000	
0.0334807354	
0.0000000000	
0.0000000000	
0.0184748380	
0.0000000000	
0.0000000000	
0.0000000000	
0.0000000000	
0.0000000000	
0.0000000000	
0.0000000000	
0.0000000000	
0.0000000000	
0.0695591174	
0.1314344213	
0.0000000000	
0.0000000000	
0.0723123104	
0.0876159803	
0.0000000000	
0.0000000000	
0.0000000000	
0.0000000000	
-0.0000000000	
0.0231632425	
0.0801054363	
0.0000000000	
0.0000000000	
0.0000000000	
-0.0000000000	
0.0000000000	
0.0000000000	
0.0000000000	
0.0000000000	
-0.0000000000	
0.0000000000	
0.0000000000	
0.0430457172	
-0.0000000000	
0.0000000000	
0.0000000000	
0.0244316084	
-0.0000000000	
0.0000000000	
0.0000000000	
0.0000000000	
0.0475727050	
-0.0000000000	
0.0000000000	
0.0426000758	
-0.0000000000	
0.0700577448	
0.0000000000	
0.0591041375	
0.0000000000	
0.0000000000	
0.0000000000	
0.0000000000	
0.0000000000	
-0.0000000000	
0.0009533290	
