0.008953	
0.013848	
0.036976	
0.005987	
0.009276	
0.006085	
0.010236	
0.000000	
0.005568	
0.007373	
0.000000	
0.004454	
0.003708	
0.014057	
0.000000	
0.007582	
0.007093	
0.008668	
0.000395	
0.033889	
-0.000000	
0.006581	
0.018487	
0.023126	
0.002874	
0.005409	
0.008754	
0.015237	
0.027776	
0.006450	
0.029948	
0.000000	
0.009497	
0.000000	
0.006935	
0.005844	
0.007073	
0.010729	
0.011005	
0.007477	
0.016124	
0.000000	
0.010002	
0.005700	
0.012782	
-0.000000	
0.000000	
0.050310	
0.000000	
0.000000	
0.048909	
0.012698	
0.039039	
0.000871	
0.015179	
0.015692	
0.009717	
0.010260	
0.007280	
0.019724	
0.005485	
0.013179	
0.002790	
0.030221	
0.000000	
0.000000	
0.012935	
0.000000	
0.007414	
0.010405	
0.000000	
0.012745	
0.004451	
0.000000	
0.015693	
0.000000	
0.000000	
0.004555	
0.005663	
0.013773	
0.000734	
0.015380	
0.012117	
0.053316	
0.002967	
0.005987	
0.017548	
0.000000	
0.032755	
0.009060	
0.006971	
0.004575	
0.004600	
0.002627	
0.002585	
0.002187	
0.014993	
0.010652	
