0.009439	
0.013282	
0.037557	
0.005922	
0.007216	
0.004264	
0.007746	
0.000000	
0.007206	
0.005400	
0.000000	
0.005135	
0.005859	
0.013423	
0.000000	
0.006385	
0.005529	
0.008957	
0.000000	
0.033241	
0.000000	
0.004481	
0.018949	
0.024200	
0.003042	
0.006767	
0.010208	
0.015475	
0.025772	
0.005167	
0.030598	
0.000000	
0.007783	
0.000000	
0.006501	
0.004008	
0.007709	
0.010819	
0.010944	
0.007293	
0.018121	
0.000000	
0.008459	
0.003520	
0.006049	
0.000000	
0.000000	
0.048303	
0.000000	
0.000000	
0.050178	
0.013318	
0.040729	
0.000000	
0.015301	
0.015427	
0.010295	
0.012905	
0.006330	
0.021413	
0.007584	
0.012970	
0.006652	
0.035529	
0.000000	
0.000000	
0.013192	
0.000000	
0.008873	
0.011871	
0.000000	
0.013861	
0.005334	
0.000000	
0.015380	
0.000000	
0.000000	
0.001854	
0.006032	
0.012515	
0.000248	
0.016762	
0.010862	
0.058082	
0.002828	
0.004795	
0.017365	
0.000000	
0.034796	
0.009640	
0.006373	
0.006363	
0.002209	
0.003339	
0.002513	
0.000021	
0.014957	
0.010576	
