0.011269	
0.012312	
0.023019	
0.011616	
0.013944	
0.008137	
0.010693	
0.000000	
0.003694	
0.004344	
0.008829	
0.006932	
0.000000	
0.015998	
0.000000	
0.001891	
0.008353	
0.014621	
0.002031	
0.021750	
0.002244	
0.000000	
0.018349	
0.019195	
0.004716	
0.003770	
0.008838	
0.019199	
0.018090	
0.004010	
0.023885	
0.000000	
0.009658	
0.002181	
0.006164	
0.008447	
0.004512	
0.009144	
0.004541	
0.002254	
0.017604	
0.004894	
0.010380	
0.005526	
0.007816	
0.003423	
0.008574	
0.016048	
0.000000	
0.000000	
0.046630	
0.010477	
0.038461	
0.000000	
0.017227	
0.011885	
0.014768	
0.011519	
0.006204	
0.023727	
0.012890	
0.013010	
0.012065	
0.019409	
0.002201	
0.003106	
0.010413	
0.000000	
0.008620	
0.009539	
0.000000	
0.008546	
0.017114	
0.006165	
0.017111	
0.007822	
0.003781	
0.001608	
0.010086	
0.006780	
0.003462	
0.007625	
0.013256	
0.042293	
0.013185	
0.011646	
0.015605	
0.000147	
0.031017	
0.007692	
0.014082	
0.005754	
0.010177	
0.000000	
0.006608	
0.009656	
0.018407	
0.015330	
