0.009330	
0.006787	
0.025368	
0.009777	
0.015027	
0.007492	
0.008890	
0.000000	
0.006985	
0.007539	
0.008164	
0.007109	
0.000000	
0.016302	
0.000000	
0.004879	
0.010300	
0.014539	
0.001896	
0.017151	
0.006186	
0.001516	
0.017090	
0.013399	
0.003168	
0.001861	
0.007972	
0.020205	
0.016387	
0.004647	
0.018873	
0.000000	
0.013006	
0.000000	
0.004948	
0.010746	
0.006630	
0.009403	
0.005375	
0.003163	
0.012925	
0.010283	
0.012332	
0.004656	
0.009847	
0.004922	
0.009029	
0.013237	
0.003546	
0.000000	
0.038356	
0.009728	
0.033011	
0.004246	
0.016634	
0.010838	
0.014048	
0.011508	
0.002864	
0.024612	
0.013133	
0.010617	
0.010711	
0.019369	
0.002082	
0.007446	
0.010657	
0.000000	
0.010117	
0.013978	
0.000000	
0.009416	
0.016054	
0.007736	
0.015490	
0.010647	
0.005686	
0.001239	
0.010302	
0.007920	
0.005669	
0.010213	
0.012131	
0.035541	
0.014492	
0.010878	
0.016102	
0.002711	
0.025958	
0.007033	
0.014811	
0.007774	
0.008649	
0.000000	
0.008056	
0.011692	
0.020251	
0.016706	
