0.011594	
0.012203	
0.022156	
0.009770	
0.013846	
0.006068	
0.009513	
0.000000	
0.009223	
0.005515	
0.008985	
0.008135	
0.000421	
0.013593	
0.000000	
0.002437	
0.008312	
0.014539	
0.001876	
0.028292	
0.004466	
0.000000	
0.017943	
0.018974	
0.005086	
0.003741	
0.007975	
0.018823	
0.016109	
0.004836	
0.024882	
0.000000	
0.012141	
0.001834	
0.005197	
0.008178	
0.004895	
0.009296	
0.006058	
0.001729	
0.018997	
0.005185	
0.011704	
0.004020	
0.008894	
0.002760	
0.005931	
0.015735	
0.000000	
0.000000	
0.050251	
0.011462	
0.036757	
0.001076	
0.019286	
0.013141	
0.014249	
0.011889	
0.004712	
0.022027	
0.011405	
0.011400	
0.012126	
0.016932	
0.002529	
0.001622	
0.010009	
0.000000	
0.009270	
0.009714	
0.000000	
0.009614	
0.019620	
0.004106	
0.016609	
0.005755	
0.005155	
0.002797	
0.011576	
0.005357	
0.002681	
0.008793	
0.014204	
0.046517	
0.011499	
0.010474	
0.015810	
0.000025	
0.031107	
0.006345	
0.013562	
0.006322	
0.006700	
0.000000	
0.004931	
0.007463	
0.016621	
0.014633	
