0.000000	
0.000000	
0.000000	
0.000000	
0.013276	
0.010161	
0.000000	
0.000000	
0.025852	
0.000000	
0.000000	
0.000000	
0.000000	
0.000000	
0.034046	
0.000000	
0.139805	
0.068382	
0.000000	
0.000000	
0.000000	
0.000000	
0.000000	
0.000000	
0.000000	
0.025268	
0.000000	
0.021892	
0.000000	
0.026614	
0.000000	
0.000000	
0.000000	
0.000000	
0.027307	
0.000000	
0.000000	
0.000000	
0.309863	
0.000000	
0.000000	
0.000000	
0.000000	
-0.000000	
0.000000	
0.000000	
0.000000	
0.000000	
0.000000	
0.000000	
0.000000	
0.000000	
0.000000	
0.000000	
0.000000	
0.000000	
0.000000	
0.000000	
0.160818	
0.037994	
0.000000	
0.005418	
0.000000	
0.000000	
0.000000	
0.000000	
0.011481	
0.081824	
0.000000	
0.000000	
0.000000	
0.000000	
0.000000	
0.000000	
0.000000	
0.000000	
0.000000	
