0.000000	
0.000000	
0.000000	
0.000000	
0.016368	
0.017841	
-0.000000	
0.000000	
0.035751	
0.000000	
0.000000	
0.000000	
0.000000	
-0.000000	
0.018701	
0.000000	
0.116527	
0.080228	
0.000000	
0.000000	
0.000000	
0.000000	
0.000000	
0.000000	
0.033797	
0.037794	
0.000000	
0.000269	
0.000000	
0.021716	
0.000000	
-0.000000	
0.000000	
0.000000	
0.036322	
0.000000	
0.000000	
0.000000	
0.302170	
0.000000	
0.000000	
0.000000	
0.006748	
0.000000	
0.000000	
0.000000	
0.000000	
0.000000	
0.000000	
0.000000	
0.000000	
0.000000	
0.000000	
0.000000	
0.000000	
0.000000	
0.000000	
0.000000	
0.175178	
0.019640	
0.000000	
0.008521	
0.000000	
0.000000	
-0.000000	
0.000000	
0.000000	
0.072429	
0.000000	
-0.000000	
0.000000	
0.000000	
0.000000	
0.000000	
0.000000	
0.000000	
0.000000	
