0.000000	
0.000000	
0.000000	
0.000000	
0.013828	
0.014118	
0.000000	
0.000000	
0.034849	
0.000000	
0.000000	
0.000000	
-0.000000	
0.000000	
0.012335	
-0.000000	
0.103488	
0.066159	
0.000000	
0.000000	
0.000000	
0.000000	
0.003217	
0.000000	
0.067094	
0.010844	
0.000000	
0.000000	
0.000000	
0.025165	
0.000000	
0.000000	
0.003619	
0.000000	
0.045619	
0.000000	
0.000000	
0.000000	
0.331673	
0.000000	
0.000000	
0.000000	
0.006033	
0.000000	
0.000000	
0.000000	
0.000000	
0.000000	
0.000000	
0.000321	
0.000000	
0.000000	
0.000000	
0.000000	
0.000000	
0.000000	
0.000000	
0.003007	
0.149083	
0.004187	
0.000000	
0.027235	
0.000000	
0.000000	
0.000000	
0.000000	
0.000000	
0.078127	
0.000000	
0.000000	
0.000000	
0.000000	
0.000000	
-0.000000	
0.000000	
0.000000	
0.000000	
