0.000000	
0.000000	
0.000000	
0.000000	
0.013187	
0.018254	
0.000000	
0.000000	
0.034638	
0.000000	
0.000000	
0.000000	
0.000000	
0.000000	
0.028711	
0.000000	
0.137588	
0.082699	
0.000000	
0.000000	
0.000000	
0.000000	
0.000000	
0.000000	
0.000000	
0.034640	
0.000000	
0.019305	
0.000000	
0.023206	
0.000000	
0.000000	
0.000000	
0.000000	
0.024235	
0.000000	
0.000000	
0.000000	
0.297404	
0.000000	
0.000000	
0.000000	
0.000000	
0.000000	
0.000000	
0.000000	
0.000000	
0.000000	
0.000000	
0.000000	
0.000000	
0.000000	
0.000000	
0.000000	
0.000000	
0.000000	
0.000000	
0.000000	
0.162167	
0.028795	
0.000000	
0.003486	
0.000000	
0.000000	
0.000000	
0.000000	
0.009542	
0.082144	
0.000000	
0.000000	
0.000000	
0.000000	
0.000000	
0.000000	
0.000000	
0.000000	
0.000000	
