-0.000000	
-0.000000	
-0.000000	
-0.000000	
0.012325	
0.022630	
-0.000000	
-0.000000	
0.048709	
-0.000000	
-0.000000	
-0.000000	
-0.000000	
-0.000000	
0.025331	
-0.000000	
0.123363	
0.089958	
-0.000000	
0.000000	
-0.000000	
-0.000000	
0.000993	
-0.000000	
0.016550	
0.036153	
-0.000000	
0.006089	
0.000000	
0.025468	
0.000000	
-0.000000	
-0.000000	
0.000000	
0.028903	
-0.000000	
0.000000	
0.000000	
0.293970	
0.000000	
-0.000000	
-0.000000	
-0.000000	
0.000000	
0.000000	
-0.000000	
-0.000000	
-0.000000	
-0.000000	
0.001570	
-0.000000	
0.000000	
0.000000	
0.000000	
-0.000000	
0.000000	
0.000000	
-0.000000	
0.163907	
0.021405	
-0.000000	
0.003000	
0.000000	
0.000000	
0.000000	
0.000000	
0.003238	
0.076438	
0.000000	
-0.000000	
0.000000	
-0.000000	
0.000000	
-0.000000	
-0.000000	
0.000000	
-0.000000	
