0.000000	
0.000000	
0.000000	
0.000000	
0.013711	
0.014145	
0.000000	
0.000000	
0.031878	
0.000000	
0.000000	
0.000000	
0.000000	
0.000000	
0.018805	
0.000000	
0.122743	
0.075288	
0.000000	
0.000000	
-0.000000	
0.000000	
0.000000	
0.000000	
0.044217	
0.032010	
0.000000	
0.000000	
0.000000	
0.021076	
0.000000	
0.000000	
0.012582	
0.000000	
0.056440	
0.000000	
0.000000	
0.000000	
0.295908	
-0.000000	
0.000000	
0.000000	
0.006320	
0.000000	
0.000000	
0.000000	
0.000000	
0.000000	
0.000000	
0.000000	
0.000000	
0.000000	
0.000000	
0.000000	
0.000000	
0.000000	
0.000000	
0.000000	
0.160169	
0.009817	
-0.000000	
0.017361	
0.000000	
0.000000	
0.000000	
0.000000	
0.000000	
0.067527	
0.000000	
0.000000	
0.000000	
0.000000	
0.000000	
0.000000	
0.000000	
0.000000	
0.000000	
