0.000000	
0.000000	
0.000000	
0.000000	
0.018299	
0.019856	
-0.000000	
0.000000	
0.036481	
0.000000	
0.000000	
0.000000	
0.000000	
0.000000	
0.020423	
0.000000	
0.119442	
0.083478	
0.000000	
0.000000	
0.000000	
0.000000	
0.000000	
0.000000	
0.025734	
0.033560	
0.000000	
0.002368	
0.000000	
0.022019	
0.000000	
0.000000	
0.000000	
0.000000	
0.042867	
0.000000	
0.000000	
0.000000	
0.297688	
0.000000	
0.000000	
0.000000	
0.006791	
0.000000	
0.000000	
-0.000000	
0.000000	
0.000000	
0.000000	
0.000000	
0.000000	
0.000000	
0.000000	
0.000000	
0.000000	
0.000000	
0.000000	
0.000000	
0.171500	
0.023808	
0.000000	
0.001450	
0.000000	
0.000000	
0.000000	
0.000000	
-0.000000	
0.074237	
0.000000	
0.000000	
0.000000	
0.000000	
0.000000	
0.000000	
0.000000	
0.000000	
0.000000	
