-0.000000	
-0.000000	
0.000000	
0.000000	
0.012340	
0.016889	
0.000000	
0.000000	
0.045314	
-0.000000	
0.000000	
-0.000000	
0.000000	
-0.000000	
0.022527	
0.000000	
0.134709	
0.084953	
0.000000	
-0.000000	
0.000000	
0.000000	
-0.000000	
0.000000	
0.013097	
0.025618	
-0.000000	
0.008542	
0.000000	
0.024220	
-0.000000	
0.000000	
0.000000	
-0.000000	
0.032227	
-0.000000	
-0.000000	
0.000000	
0.286160	
0.000000	
0.000000	
0.000000	
-0.000000	
0.000000	
0.000000	
0.000000	
0.000000	
0.000000	
0.000000	
-0.000000	
0.000000	
-0.000000	
0.000000	
0.000000	
-0.000000	
0.000000	
0.000000	
-0.000000	
0.170960	
0.024622	
-0.000000	
0.007862	
-0.000000	
0.000000	
0.000000	
0.000000	
0.009301	
0.080658	
0.000000	
0.000000	
0.000000	
-0.000000	
-0.000000	
0.000000	
0.000000	
-0.000000	
-0.000000	
