0.000000	
0.000000	
0.000000	
0.000000	
0.000000	
0.000000	
0.000000	
-0.000000	
0.038273	
0.000000	
0.000000	
0.000000	
0.000000	
0.000369	
0.001725	
0.000000	
0.137915	
0.076199	
0.000000	
0.000000	
0.000000	
0.000000	
0.007935	
0.000000	
0.049685	
0.007171	
0.000000	
0.000000	
0.011672	
0.031929	
0.000000	
0.000000	
0.000006	
0.000000	
0.020729	
0.000000	
0.000000	
0.000000	
0.333077	
0.000000	
0.000000	
-0.000000	
0.006167	
0.000000	
0.000000	
0.000000	
0.000000	
0.000000	
0.000000	
0.000145	
0.000000	
-0.000000	
0.000000	
0.000000	
0.000000	
0.000000	
0.000000	
0.029235	
0.147923	
0.008322	
0.000000	
0.030986	
0.000000	
0.000000	
0.000000	
0.000000	
0.000000	
0.060537	
0.000000	
0.000000	
0.000000	
0.000000	
0.000000	
0.000000	
0.000000	
0.000000	
0.000000	
