0.000000	
0.000000	
0.000000	
0.000000	
0.000000	
0.000000	
0.000000	
0.000000	
0.038275	
0.000000	
0.000000	
0.000000	
0.000000	
0.005822	
0.009203	
0.000000	
0.129168	
0.057763	
0.000000	
0.000000	
0.000000	
0.000000	
0.001789	
0.000000	
0.059490	
0.008522	
0.000000	
0.000000	
0.005290	
0.029801	
0.000000	
0.000000	
0.008158	
0.000000	
0.057769	
0.000000	
0.000000	
0.000000	
0.288725	
0.000000	
0.000000	
0.000000	
0.006402	
0.000000	
0.000000	
0.000000	
0.000000	
0.000000	
0.000000	
0.001557	
0.000000	
0.000000	
0.000000	
0.000000	
0.000000	
0.000000	
0.000000	
0.042135	
0.155707	
0.000000	
0.000000	
0.021509	
0.000000	
0.000000	
0.000000	
0.000000	
0.000000	
0.072917	
0.000000	
0.000000	
0.000000	
0.000000	
0.000000	
0.000000	
0.000000	
0.000000	
0.000000	
