0.000000	
0.000000	
0.000000	
0.000000	
0.000000	
0.000000	
0.000000	
0.000000	
0.035566	
0.000000	
0.000000	
-0.000000	
0.000000	
0.000000	
0.000989	
0.000000	
0.134249	
0.078578	
0.000000	
0.000000	
0.000000	
0.000000	
0.009323	
0.000000	
0.048510	
0.009125	
0.000000	
0.000000	
0.008060	
0.032234	
0.000000	
0.000000	
0.000026	
0.000000	
0.018451	
0.000000	
0.000000	
0.000000	
0.337312	
0.000000	
0.000000	
0.000000	
0.006237	
0.000000	
0.000000	
0.000000	
0.000000	
0.000000	
-0.000000	
0.003234	
0.000000	
0.000000	
0.000000	
0.000000	
0.000000	
0.000000	
0.000000	
0.028329	
0.146598	
0.011084	
0.000000	
0.029673	
0.000000	
0.000000	
0.000000	
0.000000	
0.000000	
0.062421	
0.000000	
0.000000	
0.000000	
0.000000	
-0.000000	
0.000000	
0.000000	
0.000000	
0.000000	
