0.000000	
0.000000	
0.000000	
0.000000	
0.000000	
0.000000	
0.000000	
0.000000	
0.036151	
0.000965	
0.000000	
0.000000	
0.000000	
0.000000	
0.000000	
0.000000	
0.119476	
0.087000	
0.000000	
0.000000	
0.000000	
0.000000	
0.012411	
0.000000	
0.047726	
0.027771	
0.000000	
0.001737	
0.011626	
0.030796	
0.000000	
0.000000	
0.000362	
0.000000	
0.013503	
0.000000	
0.000000	
0.000000	
0.334362	
0.000000	
0.000000	
0.000000	
0.005894	
0.000000	
0.000000	
0.000000	
0.000000	
0.000000	
0.000000	
0.000000	
0.000000	
-0.000000	
0.000000	
0.000000	
0.000000	
0.000000	
0.000000	
0.031310	
0.141134	
0.010884	
0.000000	
0.024995	
0.000000	
0.000000	
0.000000	
0.000000	
0.000000	
0.061898	
0.000000	
0.000000	
0.000000	
0.000000	
0.000000	
0.000000	
0.000000	
0.000000	
0.000000	
