0.000000	
0.000000	
0.000000	
0.000000	
0.000000	
0.000000	
0.000000	
0.000000	
0.042016	
0.000000	
-0.000000	
0.000000	
0.000000	
0.000000	
0.001037	
0.000000	
0.127213	
0.070707	
0.000000	
0.000000	
0.000000	
0.000000	
0.003609	
0.000000	
0.046693	
0.006489	
0.000000	
0.000000	
0.014187	
0.031808	
0.000000	
0.000000	
0.003313	
0.000000	
0.045891	
0.000000	
0.000000	
0.000000	
0.298097	
0.000000	
0.000000	
0.000000	
0.006079	
0.000000	
0.000000	
0.000000	
0.000000	
0.000000	
0.000000	
-0.000000	
0.000000	
0.000000	
0.000000	
0.000000	
0.000000	
0.000000	
0.000000	
0.038452	
0.159620	
0.009745	
0.000000	
0.026525	
0.000000	
0.000000	
0.000000	
0.000000	
0.000000	
0.068518	
0.000000	
0.000000	
0.000000	
0.000000	
0.000000	
0.000000	
-0.000000	
0.000000	
0.000000	
