0.000000	
0.000000	
0.000000	
0.000000	
0.000000	
0.000000	
0.000000	
0.000000	
0.037881	
0.000000	
0.000000	
0.000000	
0.000000	
0.000000	
0.016583	
0.000000	
0.139772	
0.096206	
0.000000	
0.000000	
0.000000	
0.000000	
0.028452	
0.000000	
0.038959	
0.030985	
0.000000	
0.000000	
0.000554	
0.032210	
0.000000	
0.000000	
0.000554	
0.000000	
0.007462	
0.000000	
0.000000	
0.000000	
0.293348	
0.000000	
0.000000	
0.000000	
0.005987	
0.000000	
0.000000	
0.000000	
0.000000	
0.000000	
0.000000	
0.000000	
0.000000	
0.000000	
0.009471	
0.000000	
0.000000	
0.000000	
0.000000	
0.052880	
0.132972	
0.000000	
0.000000	
0.022050	
0.000000	
0.000000	
0.000000	
0.000000	
0.000000	
0.053673	
0.000000	
0.000000	
0.000000	
0.000000	
0.000000	
0.000000	
0.000000	
0.000000	
0.000000	
