-0.000000	
0.000000	
0.000000	
0.000000	
0.000000	
0.000000	
0.000000	
0.000000	
0.040213	
0.000000	
0.000000	
0.000000	
0.000000	
0.000000	
0.015599	
0.000000	
0.131543	
0.098684	
0.000000	
0.000000	
0.000000	
0.000000	
0.020918	
0.000000	
0.033164	
0.033518	
0.000000	
0.000000	
0.005345	
0.034063	
0.000000	
0.000000	
0.003104	
0.000000	
0.012871	
0.000000	
0.000000	
0.000000	
0.296171	
0.000000	
0.000000	
0.000000	
0.005877	
0.000000	
0.000000	
0.000000	
0.000000	
0.000000	
0.000000	
0.000000	
0.000000	
0.000000	
0.004151	
0.000000	
0.000000	
-0.000000	
0.000000	
0.044211	
0.133396	
0.000000	
0.000000	
0.026041	
0.000000	
0.000000	
0.000000	
0.000000	
0.000000	
0.061131	
0.000000	
0.000000	
0.000000	
0.000000	
0.000000	
0.000000	
0.000000	
0.000000	
0.000000	
