0.000000	
0.000000	
0.000000	
-0.000000	
0.000000	
-0.000000	
-0.000000	
-0.000000	
0.024663	
-0.000000	
-0.000000	
0.000000	
0.000000	
0.000000	
0.027114	
-0.000000	
0.135440	
0.102784	
0.000000	
-0.000000	
-0.000000	
-0.000000	
0.030734	
-0.000000	
0.039154	
0.021262	
0.000000	
0.000000	
-0.000000	
0.028904	
0.000000	
0.000000	
-0.000000	
-0.000000	
0.016671	
0.000000	
0.000000	
-0.000000	
0.289949	
-0.000000	
0.000000	
-0.000000	
0.005782	
0.000000	
0.000000	
-0.000000	
-0.000000	
-0.000000	
-0.000000	
0.000000	
-0.000000	
0.000000	
0.010600	
0.000000	
0.000000	
0.000000	
0.000000	
0.066923	
0.130712	
-0.000000	
-0.000000	
0.013726	
0.000000	
-0.000000	
0.000000	
0.000000	
-0.000000	
0.055581	
-0.000000	
0.000000	
-0.000000	
-0.000000	
0.000000	
-0.000000	
-0.000000	
-0.000000	
-0.000000	
