0.000000	
0.000000	
0.000000	
0.000000	
0.000000	
0.000000	
0.000000	
0.000000	
0.043974	
0.000000	
0.000000	
0.000000	
0.000000	
0.000000	
0.001401	
0.000000	
0.130476	
0.085592	
0.000000	
0.000000	
-0.000000	
-0.000000	
0.024911	
0.000000	
0.041475	
0.031578	
0.000000	
0.000000	
0.004859	
0.029548	
0.000000	
0.000000	
0.002343	
-0.000000	
0.005849	
0.000000	
0.000000	
0.000000	
0.314977	
0.000000	
0.000000	
0.000000	
0.005633	
0.000000	
0.000000	
0.000000	
-0.000000	
0.000000	
0.000000	
0.000000	
0.000000	
0.000000	
0.000000	
0.000000	
0.000000	
0.000000	
0.000000	
0.046597	
0.142158	
0.005305	
0.000000	
0.026830	
0.000000	
0.000000	
0.000000	
0.000000	
0.000000	
0.056494	
0.000000	
0.000000	
0.000000	
0.000000	
0.000000	
0.000000	
0.000000	
0.000000	
0.000000	
