0.000000	
-0.000000	
0.000000	
-0.000000	
0.000000	
-0.000000	
-0.000000	
-0.000000	
0.027469	
0.000000	
0.000000	
-0.000000	
0.000000	
-0.000000	
0.025881	
-0.000000	
0.135987	
0.111751	
0.000000	
0.000000	
0.000000	
-0.000000	
0.030869	
0.000000	
0.034636	
0.025680	
-0.000000	
0.000000	
-0.000000	
0.028830	
0.000000	
-0.000000	
0.000000	
0.000000	
0.011749	
-0.000000	
-0.000000	
-0.000000	
0.283140	
-0.000000	
-0.000000	
0.000000	
0.005840	
-0.000000	
-0.000000	
-0.000000	
0.000000	
-0.000000	
-0.000000	
-0.000000	
0.000000	
-0.000000	
0.011985	
-0.000000	
-0.000000	
-0.000000	
-0.000000	
0.069140	
0.131801	
0.001804	
-0.000000	
0.011751	
-0.000000	
-0.000000	
-0.000000	
-0.000000	
0.000000	
0.051691	
0.000000	
0.000000	
-0.000000	
-0.000000	
0.000000	
-0.000000	
-0.000000	
0.000000	
-0.000000	
