0.000000	
-0.000000	
0.000000	
0.000000	
-0.000000	
0.000000	
0.000000	
0.000000	
0.037656	
0.000000	
0.000000	
0.000000	
0.000000	
0.000000	
0.014480	
0.000000	
0.119983	
0.100912	
0.000000	
0.000000	
0.000000	
0.000000	
0.022471	
0.000000	
0.037251	
0.035562	
0.000000	
0.000000	
0.009978	
0.033863	
0.000000	
-0.000000	
0.003881	
0.000000	
0.003000	
0.000000	
0.000000	
0.000000	
0.316364	
0.000000	
-0.000000	
0.000000	
0.005663	
0.000000	
0.000000	
0.000000	
0.000000	
0.000000	
0.000000	
0.000000	
0.000000	
0.000000	
-0.000000	
0.000000	
0.000000	
0.000000	
0.000000	
0.033058	
0.137029	
-0.000000	
0.000000	
0.026624	
0.000000	
-0.000000	
0.000000	
0.000000	
0.000000	
0.062224	
0.000000	
0.000000	
0.000000	
0.000000	
0.000000	
0.000000	
-0.000000	
0.000000	
0.000000	
