0.000000	
-0.000000	
-0.000000	
0.000000	
0.000000	
0.000000	
0.000000	
0.000000	
0.028210	
0.000000	
0.000000	
0.000000	
0.000000	
-0.000000	
0.027874	
0.000000	
0.138413	
0.095924	
0.000000	
0.000000	
0.000000	
0.000000	
0.030143	
-0.000000	
0.043364	
0.017645	
0.000000	
0.000000	
0.000000	
0.028709	
0.000000	
0.000000	
0.000000	
0.000000	
0.013987	
0.000000	
0.000000	
0.000000	
0.298835	
0.000000	
0.000000	
0.000000	
0.005848	
0.000000	
0.000000	
0.000000	
0.000000	
0.000000	
0.000000	
0.000000	
0.000000	
0.000000	
0.013928	
0.000000	
0.000000	
0.000000	
-0.000000	
0.060925	
0.129506	
0.000000	
0.000000	
0.015671	
-0.000000	
0.000000	
0.000000	
0.000000	
0.000000	
0.051018	
0.000000	
0.000000	
0.000000	
0.000000	
0.000000	
0.000000	
0.000000	
0.000000	
0.000000	
