0.000000	
0.000000	
0.000000	
0.000000	
0.000000	
0.000000	
0.000000	
0.000000	
0.042369	
0.000000	
0.000000	
0.000000	
0.000000	
0.000000	
0.000000	
0.000000	
0.126584	
0.090643	
0.000000	
0.000000	
0.000000	
0.000000	
0.021901	
0.000000	
0.048001	
0.034357	
0.000000	
0.000000	
0.007840	
0.031402	
0.000000	
0.000000	
0.003279	
0.000000	
0.000000	
0.000000	
0.000000	
0.000000	
0.314993	
0.000000	
-0.000000	
0.000000	
0.005614	
-0.000000	
0.000000	
0.000000	
0.000000	
0.000000	
0.000000	
0.000000	
0.000000	
0.000000	
0.000000	
0.000000	
0.000000	
0.000000	
0.000000	
0.044437	
0.141885	
0.003996	
-0.000000	
0.027118	
0.000000	
0.000000	
0.000000	
0.000000	
0.000000	
0.055580	
0.000000	
0.000000	
-0.000000	
-0.000000	
0.000000	
0.000000	
0.000000	
0.000000	
0.000000	
