-0.000000	
0.000000	
0.000000	
0.000000	
0.000000	
0.000000	
0.000000	
0.000000	
0.012232	
0.000000	
0.000000	
0.000000	
0.000000	
0.000000	
0.015521	
0.000000	
0.132812	
0.148286	
0.000000	
0.000000	
0.000000	
0.000000	
0.028763	
0.000000	
0.044336	
0.025714	
0.000000	
0.000000	
0.000000	
0.019111	
-0.000000	
0.000000	
0.006473	
0.000000	
0.060243	
0.000000	
0.000000	
0.000000	
0.214352	
0.000000	
0.000000	
0.000000	
0.005959	
0.000000	
0.000000	
0.000000	
0.000000	
0.000000	
0.000000	
0.000000	
0.000000	
0.000000	
0.021606	
0.000000	
0.000000	
0.000000	
0.000000	
0.079965	
0.119645	
0.000000	
0.000000	
0.023023	
0.000000	
0.000000	
0.000000	
-0.000000	
0.000000	
0.041959	
0.000000	
0.000000	
0.000000	
0.000000	
0.000000	
0.000000	
0.000000	
0.000000	
0.000000	
