0.000000	
0.000000	
0.000000	
0.000000	
0.000000	
0.000000	
0.000000	
0.000000	
0.013368	
0.000000	
0.000000	
0.000000	
-0.000000	
0.000000	
0.018113	
0.000000	
0.130202	
0.143727	
0.000000	
0.000000	
0.000000	
0.000000	
0.027575	
-0.000000	
0.044373	
0.025807	
0.000000	
0.000000	
0.000000	
0.019255	
-0.000000	
0.000000	
0.007569	
0.000000	
0.057068	
0.000000	
0.000000	
0.000000	
0.228655	
0.000000	
0.000000	
0.000000	
0.005916	
0.000000	
0.000000	
0.000000	
0.000000	
0.000000	
0.000000	
0.000000	
0.000000	
0.000000	
0.015417	
0.000000	
0.000000	
0.000000	
0.000000	
0.075850	
0.121215	
0.000000	
0.000000	
0.025289	
0.000000	
-0.000000	
0.000000	
0.000000	
0.000000	
0.040600	
0.000000	
-0.000000	
0.000000	
0.000000	
0.000000	
0.000000	
0.000000	
0.000000	
0.000000	
