0.000000	
0.000000	
0.000000	
0.000000	
0.000000	
-0.000000	
0.000000	
0.000000	
0.010250	
0.000000	
-0.000000	
0.000000	
0.000000	
0.000000	
0.014225	
0.000000	
0.128395	
0.133712	
0.000000	
0.000000	
0.000000	
-0.000000	
0.023064	
0.000000	
0.036784	
0.032772	
-0.000000	
-0.000000	
0.000000	
0.020660	
-0.000000	
0.000000	
0.007790	
0.000000	
0.069290	
-0.000000	
0.000000	
0.000000	
0.219995	
0.000000	
0.000000	
0.000000	
0.005928	
0.000000	
0.000000	
-0.000000	
0.000000	
0.000000	
0.000000	
0.000000	
0.000000	
0.000000	
0.025400	
0.000000	
0.000000	
0.000000	
0.000000	
0.087384	
0.120148	
0.001995	
0.000000	
0.017462	
0.000000	
-0.000000	
0.000000	
0.000000	
0.000000	
0.044745	
0.000000	
0.000000	
0.000000	
0.000000	
0.000000	
0.000000	
-0.000000	
-0.000000	
-0.000000	
