0.000000	
0.000000	
0.000000	
0.000000	
0.000000	
0.000634	
0.000000	
0.000000	
0.015674	
0.000000	
0.000000	
0.000000	
0.000000	
0.000000	
0.014986	
0.000000	
0.131427	
0.149853	
0.000000	
0.000000	
-0.000000	
0.000000	
0.030181	
0.000000	
0.049190	
0.021312	
0.000000	
0.000000	
0.000000	
0.019506	
0.000000	
0.000000	
0.012034	
0.000000	
0.080224	
0.000000	
0.000000	
0.000000	
0.198488	
0.000000	
0.000000	
0.000000	
0.005894	
0.000000	
0.000000	
0.000000	
0.000000	
0.000000	
0.000000	
0.000000	
0.000000	
0.000000	
0.021769	
0.000000	
0.000000	
0.000000	
0.000000	
0.081472	
0.108697	
-0.000000	
0.000000	
0.024891	
0.000000	
0.000000	
0.000000	
0.000000	
0.000000	
0.033769	
0.000000	
0.000000	
0.000000	
0.000000	
0.000000	
0.000000	
0.000000	
0.000000	
0.000000	
