0.000000	
0.000000	
0.000000	
0.000000	
0.000000	
0.000819	
0.000000	
0.000000	
0.017712	
0.000000	
0.000000	
0.000000	
0.000000	
0.000000	
0.014944	
0.000000	
0.125158	
0.149317	
0.000000	
0.000000	
0.000000	
0.000000	
0.030617	
0.000000	
0.049170	
0.021577	
0.000000	
0.000000	
0.000000	
0.020265	
0.000000	
0.000000	
0.011279	
0.000000	
0.076381	
0.000000	
0.000000	
0.000000	
0.207406	
0.000000	
0.000000	
0.000000	
0.005950	
0.000000	
0.000000	
0.000000	
0.000000	
0.000000	
0.000000	
0.000000	
0.000000	
0.000000	
0.022035	
0.000000	
0.000000	
0.000000	
0.000000	
0.083620	
0.107803	
0.000394	
0.000000	
0.023962	
0.000000	
0.000000	
0.000000	
0.000000	
0.000000	
0.031591	
0.000000	
0.000000	
0.000000	
0.000000	
0.000000	
0.000000	
0.000000	
0.000000	
0.000000	
