0.000000	
0.000000	
0.000000	
0.000000	
0.000000	
0.012210	
0.000000	
0.000000	
0.006722	
0.000000	
0.000000	
0.000000	
0.000000	
0.000000	
0.014127	
0.000000	
0.115381	
0.150323	
0.000000	
0.000000	
0.000000	
0.000000	
0.030023	
0.000000	
0.052309	
0.018617	
0.000000	
0.000000	
0.000000	
0.022814	
0.000000	
0.000000	
0.019629	
0.000000	
0.058556	
0.000000	
0.000000	
0.000000	
0.207470	
0.000000	
0.000000	
0.000000	
0.005795	
0.000000	
0.000000	
0.000000	
0.000000	
0.000000	
0.000000	
0.000000	
0.000000	
0.000000	
0.019223	
0.000000	
0.000000	
0.000000	
0.000000	
0.083509	
0.128500	
0.000285	
0.000000	
0.018587	
0.000000	
0.000000	
0.000000	
0.000000	
0.000000	
0.035920	
0.000000	
0.000000	
0.000000	
0.000000	
0.000000	
0.000000	
0.000000	
0.000000	
0.000000	
