0.000000	
0.000000	
-0.000000	
0.000000	
0.000000	
0.005788	
0.000000	
0.000000	
0.013846	
0.000000	
0.000000	
0.000000	
0.000000	
0.000000	
0.015140	
0.000000	
0.121440	
0.145748	
0.000000	
0.000000	
-0.000000	
0.000000	
0.030833	
-0.000000	
0.052723	
0.021653	
0.000000	
0.000000	
0.000000	
0.022127	
0.000000	
0.000000	
0.016283	
0.000000	
0.070913	
0.000000	
-0.000000	
0.000000	
0.205259	
0.000000	
0.000000	
0.000000	
0.005888	
-0.000000	
0.000000	
0.000000	
-0.000000	
0.000000	
0.000000	
0.000000	
0.000000	
0.000000	
0.017375	
0.000000	
0.000000	
0.000000	
0.000000	
0.080373	
0.115698	
0.000000	
0.000000	
0.022975	
-0.000000	
0.000000	
0.000000	
0.000000	
0.000000	
0.035939	
0.000000	
0.000000	
0.000000	
0.000000	
0.000000	
0.000000	
0.000000	
0.000000	
0.000000	
