0.000000	
0.000000	
0.000049	
0.000369	
0.024436	
0.000000	
0.000000	
0.000000	
0.000000	
0.000000	
0.010052	
0.006222	
0.090135	
0.000000	
0.000000	
0.000000	
0.000000	
0.000000	
0.073827	
0.205542	
0.000000	
0.023305	
0.000000	
0.000000	
0.000000	
0.000000	
0.000000	
0.000000	
-0.000000	
0.023039	
0.000221	
0.000000	
0.000400	
0.000000	
0.000000	
0.062859	
0.185405	
-0.000000	
0.000000	
0.000000	
0.000000	
0.038814	
0.000000	
0.000221	
0.000238	
0.000902	
0.000000	
0.010355	
0.000000	
0.000000	
0.000000	
0.000000	
0.001457	
0.000000	
0.000016	
0.000000	
0.000000	
0.000000	
0.000000	
0.000000	
0.000000	
0.000000	
0.000000	
0.022036	
0.000000	
0.000000	
0.000000	
0.000000	
0.207722	
0.000000	
0.000605	
0.000000	
0.000000	
0.000000	
0.000000	
0.000000	
0.000000	
0.000000	
0.000000	
0.000162	
0.000000	
0.000000	
0.011612	
0.000000	
0.000000	
