0.073100	
0.000000	
0.000137	
0.004020	
0.000000	
0.000000	
0.000000	
0.001692	
0.000000	
0.000000	
0.000000	
0.000000	
0.097066	
0.000000	
0.000000	
0.000000	
0.000000	
0.000000	
0.006213	
0.194460	
0.000000	
0.062658	
0.004896	
0.000000	
0.000000	
0.000000	
0.000000	
0.000000	
0.000000	
0.000000	
0.000000	
0.000000	
0.000306	
0.000000	
0.010703	
0.000000	
0.284709	
0.000000	
0.000000	
0.000000	
0.000000	
0.047773	
0.000432	
0.000010	
0.000132	
0.000000	
0.000000	
0.016267	
0.000007	
0.002628	
0.000000	
0.016646	
0.000021	
0.000000	
0.000000	
0.000000	
0.000002	
0.000000	
0.000000	
0.000000	
0.036019	
0.004266	
0.011056	
0.000051	
0.000000	
0.000000	
0.000000	
0.000000	
0.104564	
0.000000	
0.000129	
0.000000	
0.000000	
0.000000	
0.000000	
0.000000	
0.004386	
0.000371	
0.000000	
0.000000	
0.000000	
0.000000	
0.015279	
0.000000	
0.000000	
