0.058940	
0.000000	
0.000402	
0.000000	
0.006114	
0.000000	
0.001108	
0.000000	
0.000000	
0.000000	
0.000952	
0.000000	
0.054540	
0.000000	
0.000000	
0.000000	
0.000040	
0.000000	
0.003717	
0.188487	
0.005565	
0.029573	
0.000072	
0.000000	
0.001086	
0.000000	
0.000000	
0.000048	
0.000000	
0.001151	
0.000000	
0.000000	
0.007266	
0.037134	
0.005435	
0.000000	
0.375424	
0.000000	
0.025799	
0.000872	
0.029822	
0.000637	
0.013781	
0.002372	
0.003891	
0.000068	
0.000000	
0.006763	
0.000162	
0.000000	
0.000000	
0.000426	
0.000542	
0.000000	
0.014293	
0.000000	
0.000000	
0.000000	
0.000000	
0.000000	
0.058742	
0.000037	
0.040411	
0.000000	
0.000000	
0.000000	
0.000120	
0.001002	
0.000053	
0.000000	
0.000000	
0.000000	
0.000000	
0.000000	
0.000000	
0.000000	
0.000000	
0.013042	
0.009717	
0.000000	
0.000000	
0.000000	
0.000000	
0.000395	
0.000000	
