0.000000	
0.000000	
0.000000	
0.000000	
0.004667	
0.000000	
0.000000	
0.000000	
0.000000	
0.000000	
0.000000	
0.013342	
0.100594	
0.000000	
0.000000	
0.000000	
0.000000	
0.000000	
0.055977	
0.262214	
0.000000	
0.017527	
0.024024	
0.000000	
0.000000	
0.000000	
0.000000	
0.000000	
0.000000	
0.018312	
0.000000	
0.000000	
0.000824	
0.000000	
0.000609	
0.000000	
0.268014	
0.008464	
0.010996	
0.000545	
0.000000	
0.000042	
0.012087	
0.000000	
0.001321	
0.000241	
0.000000	
0.001088	
0.000000	
0.006253	
0.000000	
0.026051	
0.000195	
0.000000	
0.011433	
0.000000	
0.000000	
0.000000	
0.000000	
0.000000	
0.000000	
0.000000	
0.000708	
0.000000	
0.000000	
0.000000	
0.000000	
0.000000	
0.148417	
0.000000	
0.000731	
0.000000	
0.000000	
0.000128	
0.000000	
0.000000	
0.000000	
0.000000	
0.000000	
0.000000	
0.000000	
0.000000	
0.004475	
0.000000	
0.000720	
