0.000000	
-0.000000	
0.002886	
0.000000	
0.000000	
0.000000	
0.000054	
0.000000	
-0.000000	
0.000000	
0.000000	
0.000000	
0.051127	
0.000000	
0.000000	
0.000000	
0.076011	
0.000000	
0.000000	
0.252192	
0.000000	
0.000000	
-0.000000	
-0.000000	
0.000000	
0.000000	
0.000000	
0.000000	
0.000000	
0.000000	
-0.000000	
0.000000	
0.000000	
0.000000	
0.000000	
0.163413	
0.000000	
0.000000	
0.000000	
0.000000	
0.000000	
0.000000	
0.000000	
0.044282	
0.000000	
0.018129	
0.000000	
0.000000	
0.000154	
-0.000000	
0.000000	
0.000000	
0.037167	
0.000000	
0.000000	
-0.000000	
0.000000	
0.000023	
0.000000	
0.000000	
0.039643	
0.000000	
0.000000	
0.001867	
0.001333	
0.000000	
0.000000	
-0.000000	
0.304977	
0.000000	
0.001719	
0.000269	
0.000000	
0.000000	
-0.000000	
0.000000	
0.000000	
0.000000	
0.000000	
0.000000	
0.000000	
0.000000	
0.000000	
0.000000	
0.004754	
