0.000000	
0.275765	
0.000000	
-0.000000	
0.000000	
0.000000	
0.000000	
0.000000	
0.000000	
0.000000	
0.172117	
-0.000000	
0.000000	
0.000000	
0.000000	
0.000000	
0.000000	
0.000000	
0.000000	
0.000000	
0.000000	
0.002702	
0.000000	
0.000000	
0.000000	
0.000000	
0.000000	
0.000000	
0.000000	
0.000000	
0.000000	
0.000000	
0.000000	
0.000000	
0.000000	
0.000000	
0.003951	
0.000000	
0.000000	
0.130624	
0.000000	
0.000000	
0.000000	
0.000000	
0.000000	
0.000000	
0.000000	
0.000000	
0.000000	
0.000000	
0.000000	
0.000000	
0.033079	
0.000000	
0.000000	
0.000000	
0.000000	
0.000000	
0.000000	
0.000000	
0.000000	
0.000000	
0.000000	
0.049011	
0.000000	
0.162089	
0.000000	
0.000000	
0.000000	
0.000000	
0.000000	
0.030657	
0.000000	
0.000000	
0.000000	
0.000000	
0.000000	
0.038633	
0.014098	
0.000000	
0.000000	
0.000000	
0.087273	
