0.000000	
0.000000	
0.182686	
0.000000	
0.000000	
0.000000	
0.192646	
0.000000	
0.000000	
0.000000	
0.000000	
0.262966	
0.000000	
0.000000	
0.042758	
0.000000	
0.000000	
0.000000	
0.059372	
0.000000	
0.000000	
0.000000	
0.000000	
0.173699	
0.000000	
0.000000	
-0.000000	
0.000000	
0.000000	
0.000000	
0.000000	
-0.000000	
0.000000	
0.055019	
0.000000	
-0.000000	
0.000000	
0.000000	
0.000000	
0.000000	
0.000000	
0.000000	
0.000000	
0.000000	
0.000000	
0.027711	
-0.000000	
0.003142	
0.000000	
0.000000	
-0.000000	
0.000000	
0.000000	
0.000000	
0.000000	
0.000000	
