0.015066	
0.000000	
0.181283	
0.000000	
-0.000000	
-0.000000	
0.179819	
0.000000	
-0.000000	
0.000000	
0.000000	
0.260856	
0.000000	
0.000000	
0.039871	
-0.000000	
0.000000	
-0.000000	
0.056717	
0.000000	
-0.000000	
0.000000	
0.000000	
0.167029	
-0.000000	
0.000000	
0.000000	
0.000000	
0.000000	
0.000000	
0.000000	
-0.000000	
0.000000	
0.061431	
-0.000000	
0.000000	
0.000000	
0.000000	
0.000000	
0.000000	
0.000000	
0.000000	
0.000000	
-0.000000	
0.000000	
0.037927	
0.000000	
-0.000000	
0.000000	
0.000000	
0.000000	
0.000000	
0.000000	
0.000000	
-0.000000	
0.000000	
