0.009273	
-0.000000	
0.185993	
-0.000000	
-0.000000	
-0.000000	
0.166937	
0.000000	
-0.000000	
-0.000000	
0.000000	
0.274365	
-0.000000	
-0.000000	
0.054682	
0.000000	
-0.000000	
-0.000000	
0.054848	
-0.000000	
0.000000	
-0.000000	
-0.000000	
0.167429	
-0.000000	
0.000000	
-0.000000	
0.000000	
0.000000	
0.000000	
-0.000000	
0.000000	
-0.000000	
0.070257	
-0.000000	
-0.000000	
-0.000000	
0.000000	
0.000000	
0.000000	
0.000000	
0.000000	
-0.000000	
-0.000000	
0.000000	
0.016214	
-0.000000	
0.000000	
-0.000000	
0.000000	
0.000000	
0.000000	
-0.000000	
0.000000	
0.000000	
0.000000	
