0.012901	
0.000000	
0.204250	
0.000000	
0.000000	
0.000000	
0.166032	
0.000000	
-0.000000	
-0.000000	
0.000000	
0.268553	
-0.000000	
-0.000000	
0.038597	
0.000000	
0.000000	
-0.000000	
0.052557	
-0.000000	
-0.000000	
0.000000	
-0.000000	
0.141881	
0.000000	
-0.000000	
0.000000	
0.000000	
0.000000	
0.000000	
0.000000	
0.000000	
0.000000	
0.086093	
0.000000	
0.000000	
-0.000000	
0.000000	
0.000000	
-0.000000	
0.000000	
0.000000	
0.000000	
0.000000	
0.000000	
0.029136	
0.000000	
-0.000000	
0.000000	
-0.000000	
0.000000	
0.000000	
-0.000000	
0.000000	
-0.000000	
-0.000000	
