0.061272	
0.000000	
0.144123	
0.007299	
0.000000	
0.000000	
0.149796	
0.000000	
0.000000	
0.000000	
0.000000	
0.239245	
0.000000	
0.000000	
0.033993	
0.000000	
0.000000	
0.043690	
0.045341	
0.000000	
0.000000	
0.000000	
0.000000	
0.138180	
0.000000	
0.000000	
0.000000	
0.000000	
0.000000	
0.000000	
0.000000	
0.000000	
0.000000	
0.069477	
0.000000	
0.000000	
0.000000	
0.000000	
0.000000	
0.000000	
0.000000	
0.000000	
0.000000	
0.000000	
0.000000	
0.067582	
0.000000	
0.000000	
0.000000	
0.000000	
0.000000	
0.000000	
0.000000	
0.000000	
0.000000	
0.000000	
