0.018320	
0.000000	
0.160306	
0.003501	
0.000000	
0.000000	
0.124468	
0.000000	
0.000000	
0.000000	
0.000000	
0.241636	
0.000000	
0.000000	
0.029121	
0.000000	
0.000000	
0.092494	
0.056488	
0.000000	
0.000000	
0.000000	
0.000000	
0.166167	
0.000000	
0.000000	
0.000000	
0.000000	
0.000000	
0.000000	
0.000000	
0.000000	
0.000000	
0.063675	
0.000000	
0.000000	
0.000000	
0.000000	
0.000000	
0.000000	
0.000000	
0.000000	
0.000000	
0.000000	
0.000000	
0.042631	
0.000000	
0.000000	
0.000000	
0.000000	
0.000000	
0.001194	
0.000000	
0.000000	
0.000000	
0.000000	
