0.032378	
0.000000	
0.162076	
-0.000000	
-0.000000	
-0.000000	
0.194677	
-0.000000	
-0.000000	
0.000000	
0.000000	
0.254796	
-0.000000	
-0.000000	
0.037214	
-0.000000	
-0.000000	
0.000000	
0.053036	
-0.000000	
-0.000000	
0.000000	
-0.000000	
0.142272	
-0.000000	
-0.000000	
-0.000000	
-0.000000	
-0.000000	
-0.000000	
-0.000000	
-0.000000	
0.000000	
0.070268	
-0.000000	
-0.000000	
-0.000000	
0.000000	
-0.000000	
-0.000000	
-0.000000	
0.000000	
-0.000000	
-0.000000	
0.000000	
0.045426	
-0.000000	
-0.000000	
-0.000000	
-0.000000	
-0.000000	
0.007856	
-0.000000	
-0.000000	
-0.000000	
-0.000000	
