0.101219	
0.000000	
0.175850	
0.006363	
0.000000	
0.000000	
0.126547	
0.000000	
0.000000	
0.000000	
0.000000	
0.221418	
0.000000	
0.000000	
0.014422	
0.000000	
0.000000	
0.089468	
0.054312	
0.000000	
0.000000	
0.000000	
0.000000	
0.134275	
0.000000	
0.000000	
0.000000	
0.000000	
0.000000	
0.000000	
0.000000	
0.000000	
0.000000	
0.036912	
0.000000	
0.000000	
0.000000	
0.000000	
0.000000	
0.000000	
0.000000	
0.000000	
0.000000	
0.000000	
0.000000	
0.024138	
0.000000	
0.000000	
0.000000	
0.000000	
0.000000	
0.015075	
0.000000	
0.000000	
0.000000	
0.000000	
