0.168148	
-0.000000	
0.059609	
0.021694	
0.000000	
0.000000	
0.170268	
-0.000000	
0.000000	
0.000000	
0.000000	
0.266302	
0.000000	
0.000000	
0.000000	
0.000000	
0.000000	
0.080112	
0.046450	
0.000000	
-0.000000	
-0.000000	
0.000000	
0.049617	
0.000000	
0.000000	
0.000000	
0.000000	
0.000000	
0.000000	
0.000000	
0.000000	
0.000000	
0.088928	
0.000000	
0.000000	
0.000000	
-0.000000	
-0.000000	
0.000000	
0.000000	
0.000000	
0.000000	
0.000000	
0.000000	
0.048872	
0.000000	
0.000000	
0.000000	
0.000000	
-0.000000	
0.000000	
0.000000	
0.000000	
0.000000	
0.000000	
