0.090410	
0.000000	
0.112161	
0.011137	
-0.000000	
0.000000	
0.156787	
0.000000	
0.000000	
0.000000	
0.000000	
0.271081	
0.000000	
0.000000	
0.000000	
0.000000	
0.000000	
0.103261	
0.042510	
0.000000	
0.000000	
0.000000	
0.000000	
0.091582	
0.000000	
0.000000	
0.000000	
0.000000	
0.000000	
0.000000	
0.000000	
0.000000	
0.000000	
0.095373	
-0.000000	
0.000000	
-0.000000	
0.000000	
0.000000	
0.000000	
0.000000	
-0.000000	
0.000000	
0.000000	
0.000000	
0.025698	
0.000000	
0.000000	
0.000000	
0.000000	
0.000000	
0.000000	
0.000000	
0.000000	
-0.000000	
0.000000	
