0.095476	
0.000000	
0.109426	
0.011022	
0.000000	
0.000000	
0.155583	
0.000000	
0.000000	
0.000000	
-0.000000	
0.285595	
-0.000000	
-0.000000	
-0.000000	
0.000000	
-0.000000	
0.102741	
0.046021	
0.000000	
-0.000000	
0.000000	
0.000000	
0.078982	
-0.000000	
0.000000	
-0.000000	
0.000000	
0.000000	
-0.000000	
-0.000000	
0.000000	
0.000000	
0.102457	
-0.000000	
-0.000000	
-0.000000	
-0.000000	
-0.000000	
-0.000000	
0.000000	
-0.000000	
0.000000	
-0.000000	
0.000000	
0.012699	
-0.000000	
-0.000000	
-0.000000	
-0.000000	
-0.000000	
0.000000	
-0.000000	
-0.000000	
-0.000000	
0.000000	
