0.087981	
-0.000000	
0.122721	
0.005105	
-0.000000	
-0.000000	
0.130996	
0.000000	
-0.000000	
0.000000	
0.000000	
0.274769	
0.000000	
0.000000	
0.009387	
-0.000000	
-0.000000	
0.111312	
0.041396	
-0.000000	
0.000000	
-0.000000	
-0.000000	
0.137112	
0.000000	
0.000000	
-0.000000	
-0.000000	
0.000000	
0.000000	
-0.000000	
-0.000000	
0.000000	
0.079219	
-0.000000	
-0.000000	
0.000000	
-0.000000	
-0.000000	
-0.000000	
0.000000	
-0.000000	
0.000000	
-0.000000	
0.000000	
-0.000000	
-0.000000	
0.000000	
-0.000000	
0.000000	
0.000000	
0.000000	
-0.000000	
-0.000000	
0.000000	
0.000000	
