0.092047	
-0.000000	
0.103545	
0.005405	
-0.000000	
0.000000	
0.141725	
-0.000000	
-0.000000	
-0.000000	
-0.000000	
0.277709	
-0.000000	
-0.000000	
0.000539	
-0.000000	
-0.000000	
0.116170	
0.035630	
0.000000	
0.000000	
0.000000	
-0.000000	
0.124823	
-0.000000	
0.000000	
0.000000	
0.000000	
-0.000000	
0.000000	
0.000000	
0.000000	
-0.000000	
0.089410	
-0.000000	
0.000000	
-0.000000	
-0.000000	
0.000000	
-0.000000	
-0.000000	
-0.000000	
0.000000	
0.000000	
0.000000	
0.012998	
-0.000000	
-0.000000	
0.000000	
0.000000	
0.000000	
-0.000000	
-0.000000	
-0.000000	
0.000000	
0.000000	
