0.154161	
0.000000	
0.028559	
0.033839	
0.000000	
0.000000	
0.110568	
0.000000	
0.000000	
0.000000	
0.000000	
0.211175	
0.000000	
0.000000	
0.006429	
0.000000	
0.000000	
0.078011	
0.052295	
0.000000	
0.000000	
0.000000	
0.000000	
0.106673	
0.000000	
0.000000	
0.000000	
0.000000	
0.000000	
0.000000	
0.000000	
0.000000	
0.000000	
0.131382	
0.000000	
0.000000	
0.027941	
0.000000	
0.000000	
0.000000	
0.000000	
0.000000	
0.000000	
0.000000	
0.000000	
0.058968	
0.000000	
0.000000	
0.000000	
0.000000	
0.000000	
0.000000	
0.000000	
0.000000	
0.000000	
0.000000	
