0.209208	
0.000000	
0.036433	
0.030545	
-0.000000	
0.000000	
0.166061	
-0.000000	
0.000000	
0.000000	
-0.000000	
0.224436	
0.000000	
0.000000	
0.000000	
0.000000	
0.000000	
0.066898	
0.057981	
-0.000000	
0.000000	
0.000000	
0.000000	
0.037426	
0.000000	
0.000000	
0.000000	
0.000000	
0.000000	
0.000000	
0.000000	
0.000000	
-0.000000	
0.110671	
0.000000	
0.000000	
0.000000	
0.000000	
0.000000	
0.000000	
0.000000	
-0.000000	
0.000000	
0.000000	
-0.000000	
0.060343	
0.000000	
0.000000	
0.000000	
0.000000	
0.000000	
-0.000000	
0.000000	
0.000000	
0.000000	
0.000000	
