0.155917	
0.000000	
0.018342	
0.036815	
0.000000	
0.000000	
0.154174	
0.000000	
0.000000	
-0.000000	
0.000000	
0.241606	
0.000000	
0.000000	
0.006086	
0.000000	
-0.000000	
0.061297	
0.061461	
0.000000	
-0.000000	
0.000000	
0.000000	
0.060541	
0.000000	
0.000000	
-0.000000	
0.000000	
0.000000	
0.000000	
0.000000	
-0.000000	
0.000000	
0.146114	
0.000000	
0.000000	
0.000000	
-0.000000	
0.000000	
0.000000	
0.000000	
0.000000	
0.000000	
0.000000	
-0.000000	
0.057649	
-0.000000	
-0.000000	
0.000000	
0.000000	
0.000000	
0.000000	
0.000000	
0.000000	
-0.000000	
0.000000	
