0.192000	
0.000000	
0.030389	
0.036616	
0.000000	
0.000000	
0.158283	
0.000000	
0.000000	
0.000000	
0.000000	
0.237904	
0.000000	
0.000000	
0.005028	
0.000000	
0.000000	
0.052785	
0.060932	
0.000000	
0.000000	
0.000000	
0.000000	
0.034744	
0.000000	
0.000000	
0.000000	
0.000000	
0.000000	
0.000000	
0.000000	
0.000000	
0.000000	
0.135382	
0.000000	
-0.000000	
0.000000	
0.000000	
0.000000	
0.000000	
0.000000	
0.000000	
0.000000	
0.000000	
0.000000	
0.055938	
0.000000	
0.000000	
0.000000	
0.000000	
0.000000	
0.000000	
0.000000	
-0.000000	
0.000000	
0.000000	
