0.216729	
-0.000000	
0.039250	
0.030577	
-0.000000	
-0.000000	
0.159495	
0.000000	
-0.000000	
0.000000	
0.000000	
0.217819	
-0.000000	
-0.000000	
0.003468	
0.000000	
-0.000000	
0.053021	
0.057192	
-0.000000	
0.000000	
-0.000000	
0.000000	
0.039353	
-0.000000	
-0.000000	
-0.000000	
0.000000	
0.000000	
-0.000000	
-0.000000	
-0.000000	
0.000000	
0.121127	
0.000000	
-0.000000	
-0.000000	
0.000000	
-0.000000	
-0.000000	
0.000000	
-0.000000	
0.000000	
-0.000000	
-0.000000	
0.061968	
0.000000	
-0.000000	
-0.000000	
-0.000000	
-0.000000	
-0.000000	
-0.000000	
0.000000	
-0.000000	
-0.000000	
