0.111500	
0.000000	
0.039444	
0.052779	
0.000000	
0.000000	
0.129663	
0.000000	
0.000000	
0.003059	
0.000000	
0.228546	
0.000000	
0.000000	
0.000000	
0.000000	
0.000000	
0.101242	
0.089251	
0.000000	
0.000000	
0.000000	
0.000000	
0.129154	
0.000000	
0.000000	
0.000000	
0.000000	
0.000000	
0.000000	
0.000000	
0.000000	
0.000000	
0.060411	
0.000000	
0.010234	
0.013956	
0.000000	
0.000000	
0.000000	
0.000000	
0.000000	
0.000000	
0.000000	
0.000000	
0.030761	
0.000000	
0.000000	
0.000000	
0.000000	
0.000000	
0.000000	
0.000000	
0.000000	
0.000000	
0.000000	
