0.129288	
0.000000	
0.000000	
0.036489	
0.000000	
-0.000000	
0.136297	
0.000000	
0.000000	
0.000000	
0.000000	
0.221265	
0.000000	
0.000000	
0.000000	
0.000000	
0.000000	
0.085830	
0.092980	
0.000000	
-0.000000	
0.000000	
0.000000	
0.110275	
0.000000	
0.000000	
0.000000	
0.000000	
0.000000	
0.000000	
-0.000000	
0.000000	
0.000000	
0.125347	
0.000000	
0.000000	
0.013790	
-0.000000	
0.000000	
-0.000000	
0.000000	
0.000000	
0.000000	
0.000000	
0.000000	
0.048438	
0.000000	
0.000000	
0.000000	
0.000000	
0.000000	
0.000000	
0.000000	
0.000000	
0.000000	
0.000000	
