0.157136	
0.000000	
0.003622	
0.029875	
0.000000	
0.000000	
0.120148	
0.000000	
-0.000000	
0.000000	
0.000000	
0.197946	
0.000000	
0.000000	
0.000000	
0.000000	
-0.000000	
0.088520	
0.085541	
0.000000	
0.000000	
0.000000	
-0.000000	
0.117840	
0.000000	
-0.000000	
-0.000000	
0.000000	
0.000000	
-0.000000	
0.000000	
0.000000	
0.000000	
0.131888	
-0.000000	
0.000000	
0.030218	
0.000000	
0.000000	
0.000000	
0.000000	
-0.000000	
0.000000	
-0.000000	
0.000000	
0.037268	
0.000000	
-0.000000	
0.000000	
-0.000000	
0.000000	
0.000000	
0.000000	
0.000000	
0.000000	
0.000000	
