0.108007	
0.000000	
0.039735	
0.047947	
0.000000	
0.000000	
0.124128	
0.000000	
0.000000	
0.002729	
0.000000	
0.228895	
0.000000	
0.006645	
0.000000	
0.000000	
0.000000	
0.108077	
0.089759	
0.000000	
-0.000000	
0.000000	
0.000000	
0.127381	
0.000000	
0.000000	
0.000000	
0.000000	
0.000000	
0.000000	
0.000000	
0.000000	
0.000000	
0.063234	
0.000000	
0.011723	
0.010136	
0.000000	
0.000000	
0.000000	
0.000000	
0.000000	
0.000000	
0.000000	
0.000000	
0.031604	
0.000000	
0.000000	
0.000000	
0.000000	
0.000000	
0.000000	
0.000000	
0.000000	
0.000000	
0.000000	
