0.132519	
0.000000	
0.000000	
0.033286	
-0.000000	
-0.000000	
0.137725	
-0.000000	
-0.000000	
0.003275	
0.000000	
0.212842	
0.000000	
0.000209	
0.001119	
0.000000	
-0.000000	
0.088997	
0.092709	
0.000000	
0.000000	
-0.000000	
0.000000	
0.119051	
-0.000000	
-0.000000	
0.000000	
0.000000	
-0.000000	
-0.000000	
-0.000000	
-0.000000	
-0.000000	
0.112437	
0.000000	
-0.000000	
0.025998	
0.000000	
-0.000000	
-0.000000	
0.000000	
-0.000000	
0.000000	
0.000000	
0.000000	
0.039833	
0.000000	
0.000000	
0.000000	
0.000000	
-0.000000	
0.000000	
0.000000	
0.000000	
-0.000000	
0.000000	
