0.158625	
0.000000	
0.000000	
0.026357	
0.000000	
0.000000	
0.127178	
-0.000000	
-0.000000	
0.000049	
0.000000	
0.204105	
0.000000	
0.000000	
-0.000000	
0.000000	
0.000000	
0.099928	
0.088359	
0.000000	
-0.000000	
-0.000000	
0.000000	
0.116111	
0.000000	
0.000000	
0.000000	
0.000000	
0.000000	
-0.000000	
0.000000	
0.000000	
0.000000	
0.111838	
0.000000	
0.000000	
0.025730	
0.000000	
0.000000	
0.000000	
0.000000	
0.000000	
0.000000	
0.000000	
-0.000000	
0.041720	
-0.000000	
0.000000	
0.000000	
0.000000	
0.000000	
0.000000	
0.000000	
0.000000	
0.000000	
0.000000	
