0.0033583102	
0.0169152199	
0.0000000000	
0.0076479808	
0.0040176612	
0.0022827609	
0.0205443784	
0.0032369641	
0.0039666689	
0.0000000000	
0.0153485972	
0.0029109034	
0.0000000000	
0.0059592871	
0.0113477872	
0.0026029095	
0.0143492315	
0.0119698892	
0.0301446461	
0.0000000000	
0.0046349286	
0.0110836661	
0.0039288718	
0.0050036192	
0.0076651124	
0.0139623470	
0.0004482646	
0.0360801016	
0.0034258911	
0.0138897202	
0.0246380853	
0.0183139788	
0.0055531123	
0.0000000000	
0.0067381081	
0.0271482969	
0.0080405687	
0.0225484614	
0.0013776387	
0.0311105259	
0.0000000000	
0.0085897851	
0.0062278157	
0.0024190508	
0.0148081869	
0.0229353957	
0.0001211686	
0.0136183821	
0.0029215608	
0.0108724895	
0.0051058022	
0.0212342291	
0.0196925796	
0.0119275728	
0.0143592379	
0.0227499761	
0.0164096430	
0.0044378694	
0.0111119381	
0.0118551143	
0.0012801351	
0.0000000000	
0.0173799458	
0.0208245293	
0.0059612103	
0.0638756777	
0.0164210408	
0.0435487082	
0.0160696014	
0.0037923535	
0.0048350621	
0.0202221443	
0.0026778439	
0.0022817001	
0.0186638691	
0.0187858434	
0.0135249512	
0.0446785707	
0.0243000056	
0.0005672548	
0.0037179792	
0.0000000000	
0.0329992818	
