0.0016236417	
0.0178490159	
0.0000175071	
0.0085007020	
0.0047509639	
0.0044635426	
0.0201156878	
0.0054084203	
0.0060015660	
0.0000000000	
0.0167465731	
0.0042536729	
0.0000000000	
0.0059950889	
0.0129055332	
0.0053815388	
0.0119229899	
0.0104764549	
0.0294924053	
0.0000000000	
0.0058950506	
0.0118755726	
0.0052826339	
0.0028920980	
0.0107264585	
0.0135670127	
0.0002863490	
0.0361224159	
0.0075639661	
0.0139645759	
0.0242452805	
0.0154728265	
0.0035242920	
0.0002276306	
0.0117021514	
0.0244027586	
0.0109657845	
0.0226673225	
0.0000000000	
0.0317494458	
0.0000000000	
0.0105427432	
0.0062890781	
0.0026925036	
0.0156202372	
0.0218163424	
0.0000000000	
0.0097961345	
0.0022093868	
0.0097611802	
0.0044360360	
0.0179635231	
0.0226511539	
0.0104753881	
0.0156438073	
0.0204218116	
0.0129626871	
0.0040247633	
0.0108935416	
0.0112799298	
0.0048595493	
0.0027507096	
0.0142166832	
0.0210460008	
0.0082300535	
0.0664692734	
0.0172754397	
0.0419292074	
0.0159946522	
0.0000000000	
0.0023277646	
0.0206906125	
0.0050704976	
0.0086931115	
0.0140340066	
0.0165860326	
0.0076214278	
0.0412146817	
0.0262355666	
0.0000000000	
0.0045352981	
0.0007444771	
0.0309557767	
