0.0026603197	
0.0175056670	
0.0003965937	
0.0091336181	
0.0037474661	
0.0000000000	
0.0212654751	
0.0033498814	
0.0068168659	
0.0000000000	
0.0150432123	
0.0059163309	
0.0000000000	
0.0067724431	
0.0120339126	
0.0026713320	
0.0112889142	
0.0085182668	
0.0282195851	
0.0000000000	
0.0082310976	
0.0164283826	
0.0098719923	
0.0068843804	
0.0087722028	
0.0096957837	
0.0049444117	
0.0324383546	
0.0041559163	
0.0093371721	
0.0245060455	
0.0268773027	
0.0065457228	
0.0000000000	
0.0084044909	
0.0275567375	
0.0119268662	
0.0153283450	
0.0024184918	
0.0287817054	
0.0000000000	
0.0106900446	
0.0057438810	
0.0036502695	
0.0159805354	
0.0218329719	
0.0000554323	
0.0129239819	
0.0025948020	
0.0119897889	
0.0076420323	
0.0247947110	
0.0176084540	
0.0117321417	
0.0114319217	
0.0210782764	
0.0165850479	
0.0063507341	
0.0120636274	
0.0117541893	
0.0033102366	
0.0015501878	
0.0090476438	
0.0249306266	
0.0071812661	
0.0598238959	
0.0084871480	
0.0404492700	
0.0146174968	
0.0063984912	
0.0038090850	
0.0221670477	
0.0025141364	
0.0075397421	
0.0145632808	
0.0195283608	
0.0119537877	
0.0405365252	
0.0204838685	
0.0000000000	
0.0029671050	
0.0020693644	
0.0311233043	
