0.0031817014	
0.0166868966	
0.0044453107	
0.0104385522	
0.0025069559	
0.0036637324	
0.0181891857	
0.0076318747	
0.0065390266	
0.0000000000	
0.0127513337	
0.0082321951	
0.0032900018	
0.0080777538	
0.0122426955	
0.0067852016	
0.0122672504	
0.0050266637	
0.0232113608	
0.0000000000	
0.0088911461	
0.0164077348	
0.0094689245	
0.0080408793	
0.0086429830	
0.0093007913	
0.0067657894	
0.0254123826	
0.0042158592	
0.0079670539	
0.0172720626	
0.0283878246	
0.0095264587	
0.0033383524	
0.0095138928	
0.0233140654	
0.0104286239	
0.0165144459	
0.0079493358	
0.0229919114	
0.0054015946	
0.0090074938	
0.0084653793	
0.0047884855	
0.0162551740	
0.0177429937	
0.0046677199	
0.0111984544	
0.0058129724	
0.0098554720	
0.0100353808	
0.0249391472	
0.0138274559	
0.0111627132	
0.0138299872	
0.0182808454	
0.0151987466	
0.0083141790	
0.0123567222	
0.0121921822	
0.0035954812	
0.0048619959	
0.0091011556	
0.0252443911	
0.0083059570	
0.0444989149	
0.0128487701	
0.0329910514	
0.0130413049	
0.0111604513	
0.0063767477	
0.0189908869	
0.0034117934	
0.0096650114	
0.0163575669	
0.0162761987	
0.0119759198	
0.0369208320	
0.0203865026	
0.0025320598	
0.0067779363	
0.0047907175	
0.0270370439	
