0.0003546976	
0.0176149545	
0.0002180818	
0.0082676243	
0.0022829298	
0.0000000000	
0.0205465332	
0.0048611363	
0.0039155889	
0.0000000000	
0.0131343198	
0.0055700599	
0.0000000000	
0.0053061829	
0.0105783103	
0.0035438274	
0.0131902599	
0.0038384887	
0.0299409008	
0.0000000000	
0.0063184924	
0.0175179805	
0.0083641070	
0.0066255200	
0.0065484799	
0.0104208529	
0.0030545394	
0.0327018137	
0.0013197270	
0.0066916560	
0.0207015747	
0.0341449462	
0.0090492064	
0.0000000000	
0.0083288689	
0.0256436546	
0.0098604676	
0.0189888332	
0.0057150341	
0.0268440841	
0.0025006141	
0.0096965748	
0.0057008916	
0.0024886494	
0.0152544804	
0.0224487599	
0.0033310093	
0.0127433724	
0.0043732385	
0.0068282307	
0.0085910073	
0.0292384578	
0.0138327411	
0.0104260093	
0.0128611338	
0.0217420955	
0.0152724486	
0.0055543221	
0.0126304364	
0.0118191586	
0.0002347653	
0.0004393337	
0.0090279977	
0.0326582900	
0.0054028946	
0.0526310100	
0.0122102123	
0.0425111410	
0.0133821396	
0.0123784252	
0.0047278139	
0.0210536404	
0.0018078377	
0.0071214436	
0.0174218777	
0.0188460776	
0.0120807652	
0.0460832460	
0.0231281408	
0.0000000000	
0.0028773323	
0.0023704099	
0.0322678398	
