0.0021786898	
0.0175913669	
0.0000000000	
0.0096710897	
0.0023768118	
0.0000000000	
0.0210853122	
0.0020802656	
0.0063776905	
0.0000000000	
0.0148427392	
0.0046237880	
0.0000000000	
0.0048420220	
0.0108047852	
0.0036128340	
0.0126091993	
0.0092187102	
0.0300601598	
0.0000000000	
0.0081519308	
0.0157948801	
0.0087420116	
0.0065059667	
0.0086314033	
0.0114268981	
0.0044703884	
0.0335571695	
0.0023324560	
0.0047987296	
0.0251599017	
0.0296924394	
0.0074997539	
0.0000000000	
0.0074379394	
0.0277685173	
0.0127528301	
0.0159553279	
0.0004725492	
0.0266751530	
0.0002366477	
0.0088484704	
0.0041380866	
0.0030563807	
0.0157435065	
0.0219875656	
0.0000000000	
0.0149532865	
0.0021559372	
0.0090760622	
0.0079387216	
0.0263085081	
0.0169722605	
0.0113884167	
0.0116295864	
0.0237415546	
0.0165905528	
0.0058795504	
0.0118703952	
0.0121118589	
0.0032418977	
0.0009604567	
0.0092352934	
0.0270341445	
0.0070296650	
0.0629440421	
0.0093101114	
0.0440502149	
0.0148683454	
0.0071967579	
0.0028262878	
0.0230944214	
0.0018655874	
0.0073879060	
0.0160441740	
0.0210467762	
0.0113504976	
0.0408738269	
0.0209103587	
0.0000000000	
0.0018893009	
0.0005593829	
0.0318514924	
