0.0027898447	
0.0164467327	
0.0044501342	
0.0100293804	
0.0014947445	
0.0034624950	
0.0186062684	
0.0075611283	
0.0064376873	
0.0000000000	
0.0126225252	
0.0086026399	
0.0035119956	
0.0076468495	
0.0117021710	
0.0062741645	
0.0130939578	
0.0066470914	
0.0237779698	
0.0000000000	
0.0089093240	
0.0165746652	
0.0094136662	
0.0086428684	
0.0063121972	
0.0097281621	
0.0054039485	
0.0258542844	
0.0051712728	
0.0092463957	
0.0179149917	
0.0276421087	
0.0100472650	
0.0025805938	
0.0081811879	
0.0230961414	
0.0097018453	
0.0158372859	
0.0093250789	
0.0228928583	
0.0066875939	
0.0098397105	
0.0077531406	
0.0043772858	
0.0153970377	
0.0184325945	
0.0044040431	
0.0138473905	
0.0054304009	
0.0117674295	
0.0096837246	
0.0245206396	
0.0123658172	
0.0095618296	
0.0138222473	
0.0186431189	
0.0148008647	
0.0085372254	
0.0130883359	
0.0122041043	
0.0029560158	
0.0041487363	
0.0107878419	
0.0249816647	
0.0072859648	
0.0437920869	
0.0137004557	
0.0334730116	
0.0120006806	
0.0119865604	
0.0057896494	
0.0193501351	
0.0028034545	
0.0090157602	
0.0165198680	
0.0162509513	
0.0118046901	
0.0399318687	
0.0200526472	
0.0026165246	
0.0056080233	
0.0055118243	
0.0268331286	
