0.0022887574	
0.0156100813	
0.0009046623	
0.0072958155	
0.0025778196	
0.0000000000	
0.0199163623	
0.0038633560	
0.0029107393	
0.0000000000	
0.0125513645	
0.0085271574	
0.0027558045	
0.0065263092	
0.0092994916	
0.0041093850	
0.0140315664	
0.0077030770	
0.0228386418	
0.0000000000	
0.0103404379	
0.0147177848	
0.0094074921	
0.0090564364	
0.0043812823	
0.0078039839	
0.0044004403	
0.0254618524	
0.0025103550	
0.0073963730	
0.0173780785	
0.0320886863	
0.0102936800	
0.0017297998	
0.0066305726	
0.0253609302	
0.0084801074	
0.0181533430	
0.0095779128	
0.0256933185	
0.0082658359	
0.0084956223	
0.0057697685	
0.0025989079	
0.0180818787	
0.0140570902	
0.0026704606	
0.0145601034	
0.0035596586	
0.0176561969	
0.0072845822	
0.0244915051	
0.0128028743	
0.0099820883	
0.0172141549	
0.0203705506	
0.0178678159	
0.0087426060	
0.0121382919	
0.0112750160	
0.0006152310	
0.0025425386	
0.0163225108	
0.0271162803	
0.0027439096	
0.0439554616	
0.0179509034	
0.0327309204	
0.0139763992	
0.0120390097	
0.0046789517	
0.0225434955	
0.0013676157	
0.0065613477	
0.0177384825	
0.0169003701	
0.0135205251	
0.0496507928	
0.0226981484	
0.0000000000	
0.0069018457	
0.0039684074	
0.0310185861	
