0.0026389701	
0.0169773452	
0.0038821697	
0.0101025488	
0.0024670692	
0.0024041939	
0.0191788218	
0.0068224039	
0.0053617882	
0.0000000000	
0.0123245318	
0.0094185533	
0.0033683334	
0.0077040296	
0.0118615457	
0.0065286671	
0.0137097598	
0.0047190648	
0.0214902649	
0.0000000000	
0.0089177608	
0.0151979979	
0.0102053670	
0.0091908894	
0.0056630659	
0.0085494971	
0.0056733753	
0.0243216119	
0.0044576792	
0.0083607559	
0.0157521976	
0.0265138815	
0.0106699442	
0.0024413001	
0.0081376120	
0.0237812669	
0.0096777712	
0.0165384347	
0.0095497380	
0.0240790483	
0.0069362179	
0.0097638189	
0.0082455398	
0.0042867729	
0.0174219458	
0.0152115681	
0.0050318310	
0.0142546187	
0.0054853904	
0.0129219130	
0.0094546540	
0.0239831488	
0.0130211051	
0.0099461405	
0.0154066600	
0.0175852223	
0.0163623542	
0.0101657477	
0.0133588664	
0.0116882324	
0.0032017811	
0.0045412961	
0.0127794242	
0.0229414898	
0.0062536486	
0.0419571820	
0.0148168623	
0.0312658593	
0.0117178622	
0.0116426443	
0.0066334643	
0.0211988723	
0.0027082852	
0.0092523018	
0.0160787609	
0.0156468979	
0.0131964384	
0.0408939559	
0.0205794073	
0.0016911582	
0.0077167724	
0.0059368870	
0.0281777444	
