0.0022317878	
0.0156489635	
0.0027961016	
0.0085722106	
0.0044330571	
0.0001800755	
0.0195172486	
0.0039892502	
0.0043946390	
0.0000000000	
0.0131451918	
0.0089621301	
0.0035699729	
0.0075843640	
0.0090091509	
0.0058691829	
0.0145559831	
0.0074473584	
0.0194021647	
0.0000000000	
0.0106999469	
0.0136182538	
0.0098042566	
0.0092165466	
0.0047209894	
0.0058747788	
0.0046969148	
0.0221240806	
0.0040509141	
0.0073316082	
0.0160872163	
0.0297944184	
0.0113871403	
0.0031926292	
0.0076090746	
0.0253888563	
0.0096480824	
0.0177172831	
0.0100053904	
0.0244638806	
0.0090229100	
0.0086463163	
0.0064231362	
0.0035618289	
0.0178019635	
0.0115438319	
0.0037518553	
0.0143329927	
0.0041443704	
0.0184414217	
0.0066460108	
0.0227349728	
0.0129434013	
0.0085687101	
0.0193886029	
0.0202568256	
0.0162811979	
0.0095073951	
0.0121308973	
0.0111049998	
0.0025432882	
0.0032184095	
0.0188831198	
0.0248394455	
0.0041916900	
0.0394359005	
0.0193359970	
0.0284612656	
0.0136815999	
0.0116466240	
0.0057516241	
0.0217596483	
0.0001727859	
0.0078382685	
0.0178530351	
0.0161276412	
0.0143837158	
0.0485704868	
0.0229488712	
0.0000000000	
0.0076386039	
0.0055191314	
0.0292241128	
