0.0026473624	
0.0154825761	
0.0030422405	
0.0085193810	
0.0048790553	
0.0005420917	
0.0193306105	
0.0044096004	
0.0044263133	
0.0000000000	
0.0130031918	
0.0087563951	
0.0037436389	
0.0076079118	
0.0090220889	
0.0060455860	
0.0149000803	
0.0073476725	
0.0191378372	
0.0000000000	
0.0109189376	
0.0134532816	
0.0100564727	
0.0092800457	
0.0046744141	
0.0062406568	
0.0047961959	
0.0218628020	
0.0042047733	
0.0079545433	
0.0158317406	
0.0300895078	
0.0110605838	
0.0032316764	
0.0076833200	
0.0248820560	
0.0093205885	
0.0175908706	
0.0102611246	
0.0239893859	
0.0090683767	
0.0089013669	
0.0071082809	
0.0038995949	
0.0175875181	
0.0113834044	
0.0039461233	
0.0142906941	
0.0044773601	
0.0180292474	
0.0067821096	
0.0225604001	
0.0132552086	
0.0088034222	
0.0192286545	
0.0205485776	
0.0165456620	
0.0095272384	
0.0123431604	
0.0109718894	
0.0026581614	
0.0032436940	
0.0189014582	
0.0245586460	
0.0043699757	
0.0389731232	
0.0193113192	
0.0277848950	
0.0130805069	
0.0121399268	
0.0059407040	
0.0210557653	
0.0005721448	
0.0078712782	
0.0183117311	
0.0156869583	
0.0141757654	
0.0471766126	
0.0225960737	
0.0000291300	
0.0079699225	
0.0054936190	
0.0286136883	
