0.0022582701	
0.0126360660	
0.0031650806	
0.0092901608	
0.0064511957	
0.0018442263	
0.0155863301	
0.0046846604	
0.0059756627	
0.0015246335	
0.0121511570	
0.0079098091	
0.0069483082	
0.0061329527	
0.0084624076	
0.0059514890	
0.0149324725	
0.0075775558	
0.0184670276	
0.0000000000	
0.0133801707	
0.0161867185	
0.0098861949	
0.0106370257	
0.0039346190	
0.0095900846	
0.0055278569	
0.0196184037	
0.0056068272	
0.0089780486	
0.0123436193	
0.0264003207	
0.0127832011	
0.0049444725	
0.0063285476	
0.0227015620	
0.0072605482	
0.0189255645	
0.0100488381	
0.0232779970	
0.0125566525	
0.0101784048	
0.0083002642	
0.0054255640	
0.0188337889	
0.0103195930	
0.0057526525	
0.0121207045	
0.0057354741	
0.0199407216	
0.0065778748	
0.0211826881	
0.0131894348	
0.0092855779	
0.0197095662	
0.0192690535	
0.0185765683	
0.0097586615	
0.0136423591	
0.0120862887	
0.0027003801	
0.0037431366	
0.0193043994	
0.0252032282	
0.0031997766	
0.0333535198	
0.0194797014	
0.0247840512	
0.0138388223	
0.0146210148	
0.0062479199	
0.0178469867	
0.0008941398	
0.0075698776	
0.0195420341	
0.0151954482	
0.0151148345	
0.0439188964	
0.0220534189	
0.0004223345	
0.0079601993	
0.0055807671	
0.0246731330	
