0.0016448166	
0.0136809921	
0.0018407483	
0.0090458275	
0.0070133122	
0.0000369475	
0.0169021101	
0.0040473711	
0.0072759944	
0.0002668862	
0.0128310502	
0.0076102822	
0.0067157581	
0.0067598391	
0.0104086810	
0.0067288890	
0.0157364914	
0.0059579099	
0.0170034479	
0.0000000000	
0.0139610462	
0.0197108839	
0.0112485093	
0.0107713734	
0.0002865833	
0.0098172836	
0.0051970637	
0.0169550227	
0.0060037843	
0.0082288655	
0.0096914245	
0.0267697046	
0.0132009713	
0.0063436599	
0.0068312682	
0.0201836263	
0.0055737665	
0.0203939962	
0.0104515727	
0.0216947137	
0.0127466084	
0.0119852856	
0.0070729859	
0.0048516978	
0.0192701674	
0.0078931033	
0.0064468594	
0.0123945947	
0.0066382801	
0.0194365939	
0.0068131982	
0.0216275652	
0.0132969519	
0.0106381577	
0.0202604164	
0.0192521273	
0.0197230221	
0.0116626886	
0.0140869003	
0.0125920595	
0.0000000000	
0.0054374647	
0.0195313262	
0.0283832094	
0.0006088698	
0.0339171101	
0.0196675400	
0.0227211168	
0.0153339395	
0.0131126671	
0.0071026093	
0.0160484295	
0.0002915754	
0.0084841665	
0.0194900169	
0.0140269464	
0.0145622090	
0.0462494841	
0.0207992952	
0.0012809339	
0.0109958867	
0.0041663152	
0.0242771502	
