0.038642	
0.000000	
0.026670	
0.018180	
0.000000	
0.001467	
0.000000	
0.007734	
0.000000	
0.002883	
0.000000	
0.018049	
0.004323	
0.000000	
0.001560	
0.046715	
0.001828	
0.002530	
0.002598	
0.051006	
0.025304	
0.032259	
0.000000	
0.021650	
0.000000	
0.033536	
0.000317	
0.000000	
0.013858	
0.009729	
0.048492	
0.010354	
0.019698	
0.052406	
0.000000	
0.042087	
0.004445	
0.004060	
0.010830	
0.023445	
0.018432	
0.000000	
0.028982	
0.000000	
0.011911	
0.000000	
0.002302	
0.032615	
0.004245	
0.020699	
0.007440	
0.007887	
0.018387	
0.011212	
0.026081	
0.031790	
0.000000	
0.006950	
0.012078	
0.007771	
0.025476	
0.000930	
0.007397	
0.015616	
0.000000	
0.014059	
0.003113	
0.000000	
0.016595	
0.022242	
0.000000	
0.000000	
0.005226	
0.016177	
0.006867	
0.023124	
0.000000	
0.000588	
0.005412	
0.011571	
0.000166	
0.000000	
