0.035899	
0.000000	
0.024084	
0.015859	
0.001282	
0.003177	
0.000000	
0.010308	
0.000000	
0.008315	
0.000000	
0.020218	
0.005167	
0.000000	
0.003695	
0.042142	
0.010134	
0.002781	
0.002000	
0.035698	
0.021667	
0.038617	
0.001096	
0.018469	
0.000000	
0.035000	
0.003618	
0.000000	
0.013924	
0.010365	
0.049200	
0.014674	
0.017119	
0.037896	
0.000000	
0.039769	
0.004892	
0.004757	
0.014903	
0.021312	
0.019397	
0.000000	
0.020095	
0.000000	
0.017386	
0.000000	
0.006433	
0.025163	
0.004401	
0.020713	
0.006402	
0.009435	
0.020624	
0.015629	
0.018884	
0.031363	
0.000000	
0.007210	
0.008858	
0.006218	
0.023146	
0.003544	
0.005915	
0.014369	
0.000000	
0.014610	
0.005658	
0.000000	
0.020927	
0.021324	
0.001572	
0.000000	
0.012487	
0.014475	
0.010778	
0.018877	
0.003316	
0.004681	
0.007349	
0.007683	
0.003039	
0.000000	
