0.028694	
0.000000	
0.024140	
0.016212	
0.000000	
0.006928	
0.000000	
0.017681	
0.002703	
0.009835	
0.001331	
0.021981	
0.004307	
0.000000	
0.005047	
0.039355	
0.015450	
0.002670	
0.005805	
0.042981	
0.017694	
0.042317	
0.002135	
0.015649	
0.000225	
0.030852	
0.007457	
0.000000	
0.012942	
0.008490	
0.038436	
0.013931	
0.013470	
0.038466	
0.000000	
0.028272	
0.008935	
0.007098	
0.013497	
0.023733	
0.019956	
0.000000	
0.014686	
0.000000	
0.014618	
0.000000	
0.008811	
0.024531	
0.004388	
0.018365	
0.005616	
0.006390	
0.026434	
0.010780	
0.015958	
0.030251	
0.000000	
0.008525	
0.007272	
0.013020	
0.022295	
0.005859	
0.005733	
0.008514	
0.000000	
0.015386	
0.006968	
0.000000	
0.020533	
0.023211	
0.001498	
0.000000	
0.017887	
0.012591	
0.010507	
0.017260	
0.006668	
0.004283	
0.010451	
0.005468	
0.006573	
0.000000	
