0.027623	
0.000885	
0.023129	
0.015767	
0.000000	
0.007042	
0.000684	
0.018273	
0.004973	
0.010642	
0.004349	
0.022086	
0.001972	
0.001774	
0.005101	
0.034291	
0.013784	
0.003243	
0.007745	
0.043763	
0.017120	
0.041282	
0.002858	
0.015978	
0.000000	
0.029852	
0.005177	
0.001592	
0.015032	
0.008997	
0.040566	
0.017318	
0.011599	
0.039146	
0.000000	
0.026941	
0.009545	
0.009661	
0.013958	
0.026354	
0.017871	
0.004203	
0.015662	
0.000696	
0.014974	
0.000000	
0.007813	
0.025267	
0.007154	
0.020459	
0.005209	
0.007605	
0.029888	
0.007831	
0.023656	
0.031114	
0.000000	
0.008828	
0.008923	
0.010224	
0.021848	
0.000000	
0.006192	
0.008913	
0.000000	
0.014963	
0.000574	
0.000000	
0.019169	
0.020640	
0.001084	
0.000000	
0.015832	
0.012247	
0.005231	
0.018760	
0.007284	
0.002007	
0.010575	
0.002662	
0.004545	
0.000000	
