0.0096809786	
0.0080161952	
0.0204412220	
0.0111044900	
0.0090732998	
0.0088270957	
0.0123418148	
0.0063046527	
0.0058615582	
0.0087657622	
0.0060274292	
0.0064061363	
0.0020036119	
0.0161439840	
0.0046547910	
0.0064255317	
0.0130218579	
0.0116111407	
0.0082626757	
0.0276156413	
0.0076310986	
0.0060739957	
0.0151484336	
0.0144486414	
0.0063061007	
0.0121859804	
0.0093198468	
0.0173261125	
0.0167629595	
0.0119070782	
0.0233168219	
0.0041956548	
0.0072775455	
0.0029009335	
0.0109154767	
0.0062362312	
0.0110249821	
0.0108127326	
0.0067346875	
0.0099669434	
0.0066511133	
0.0000000000	
0.0118494256	
0.0092072632	
0.0109133813	
0.0007137235	
0.0055474293	
0.0219323398	
0.0050639023	
0.0000000000	
0.0291431790	
0.0124520047	
0.0188740101	
0.0054506194	
0.0147179800	
0.0159771678	
0.0130887378	
0.0104593873	
0.0145745735	
0.0134098363	
0.0108694372	
0.0071095310	
0.0070286229	
0.0172775674	
0.0079879907	
0.0000000000	
0.0165676157	
0.0000000000	
0.0136503122	
0.0128193445	
0.0001400721	
0.0160987121	
0.0073126989	
0.0029704723	
0.0071246851	
0.0076138161	
0.0069874771	
0.0077061783	
0.0072652284	
0.0095501347	
0.0054765876	
0.0159511942	
0.0182315179	
0.0193049224	
0.0094710283	
0.0098162189	
0.0131874442	
0.0014841751	
0.0243077730	
0.0110876717	
0.0106576469	
0.0075467452	
0.0069551537	
0.0068629967	
0.0091730068	
0.0104649469	
0.0109269644	
0.0099059099	
