0.0093027019	
0.0073714081	
0.0111650347	
0.0135012535	
0.0104485409	
0.0111070882	
0.0131212169	
0.0034449423	
0.0064989093	
0.0089653144	
0.0088531637	
0.0064475836	
0.0017095039	
0.0166113587	
0.0086369023	
0.0067151491	
0.0132594244	
0.0122234377	
0.0108441410	
0.0234763078	
0.0106080429	
0.0065192115	
0.0139674997	
0.0106435637	
0.0077592460	
0.0139625832	
0.0095148078	
0.0183684766	
0.0121992828	
0.0133771053	
0.0205413273	
0.0078594297	
0.0069208464	
0.0035110380	
0.0126371680	
0.0044267943	
0.0116350858	
0.0115758594	
0.0037754337	
0.0097252448	
0.0032012662	
0.0008959330	
0.0140638185	
0.0105165547	
0.0119656826	
0.0030941322	
0.0072674308	
0.0170787943	
0.0075672738	
0.0003091226	
0.0223145727	
0.0126202423	
0.0096635322	
0.0064114429	
0.0142678365	
0.0167870609	
0.0143053694	
0.0093295467	
0.0170941930	
0.0097509540	
0.0122060061	
0.0066766816	
0.0082590675	
0.0092305434	
0.0112221469	
0.0030876150	
0.0164331019	
0.0020875003	
0.0160894919	
0.0142855407	
0.0000000000	
0.0178829770	
0.0087016826	
0.0057057261	
0.0053617002	
0.0106173157	
0.0096647997	
0.0102027713	
0.0083839064	
0.0048705354	
0.0078117289	
0.0136213153	
0.0197163245	
0.0078857487	
0.0121447426	
0.0131566511	
0.0130571516	
0.0019094914	
0.0203306759	
0.0123047326	
0.0112785361	
0.0064283986	
0.0080333496	
0.0072995378	
0.0117670818	
0.0117257878	
0.0080775606	
0.0107458870	
