0.0087312661	
0.0073522272	
0.0132956473	
0.0133952461	
0.0108481897	
0.0113672445	
0.0121608146	
0.0000000000	
0.0064644350	
0.0101862049	
0.0087674085	
0.0074420429	
0.0030792939	
0.0147853858	
0.0086762199	
0.0076279710	
0.0122152706	
0.0117828398	
0.0112944316	
0.0177954337	
0.0103665227	
0.0091866575	
0.0117952439	
0.0084943775	
0.0074210690	
0.0121447756	
0.0090295082	
0.0174839212	
0.0123177486	
0.0112055726	
0.0169356365	
0.0092534002	
0.0088998639	
0.0052233788	
0.0115357659	
0.0067740376	
0.0108356458	
0.0111589958	
0.0044340131	
0.0092863828	
0.0047056434	
0.0044677370	
0.0134386741	
0.0105791945	
0.0112791542	
0.0051675551	
0.0093836454	
0.0136346146	
0.0094415965	
0.0016636940	
0.0190899845	
0.0109533309	
0.0121039710	
0.0075215677	
0.0117113223	
0.0134768872	
0.0127880074	
0.0091804759	
0.0141367125	
0.0115226661	
0.0121515903	
0.0072185389	
0.0080807556	
0.0123036383	
0.0104443329	
0.0060169819	
0.0151154989	
0.0054888164	
0.0142026692	
0.0139881358	
0.0019257148	
0.0154869575	
0.0085398125	
0.0075623465	
0.0066160673	
0.0124199522	
0.0095267811	
0.0094703652	
0.0086323719	
0.0062794752	
0.0086539272	
0.0122761788	
0.0172964622	
0.0097865939	
0.0127556110	
0.0136414633	
0.0127050092	
0.0039344329	
0.0174689181	
0.0120661167	
0.0112747887	
0.0080713356	
0.0079297347	
0.0069065922	
0.0121173872	
0.0122955273	
0.0097679215	
0.0122846725	
