0.0091080548	
0.0073502756	
0.0110020475	
0.0134511719	
0.0103870885	
0.0112407736	
0.0131289839	
0.0036287510	
0.0063370898	
0.0092296561	
0.0086006703	
0.0063675968	
0.0015868837	
0.0164871072	
0.0089070851	
0.0066798629	
0.0131707298	
0.0122155181	
0.0109190533	
0.0240483420	
0.0105926173	
0.0066254962	
0.0138273535	
0.0107467601	
0.0078637989	
0.0142532649	
0.0097332116	
0.0184633800	
0.0122412980	
0.0133818228	
0.0204205486	
0.0077145554	
0.0068687098	
0.0035253224	
0.0126868561	
0.0044265223	
0.0116648315	
0.0116133854	
0.0034386022	
0.0099809380	
0.0030891354	
0.0007911928	
0.0139250307	
0.0106617269	
0.0121113131	
0.0030669590	
0.0073949701	
0.0169827534	
0.0075385507	
0.0009900772	
0.0223258266	
0.0126842379	
0.0093766900	
0.0066085921	
0.0139324382	
0.0171007863	
0.0141469181	
0.0091684721	
0.0176425480	
0.0095207600	
0.0123213688	
0.0063774004	
0.0077630550	
0.0091657924	
0.0114551290	
0.0030822468	
0.0168711620	
0.0009383307	
0.0163686794	
0.0145253159	
0.0000000000	
0.0179035365	
0.0080005119	
0.0058892608	
0.0050475167	
0.0105279466	
0.0096765833	
0.0099140198	
0.0085226331	
0.0049038840	
0.0078940714	
0.0138802810	
0.0201600921	
0.0073792507	
0.0122261727	
0.0127750326	
0.0132090368	
0.0015221988	
0.0204516336	
0.0123647330	
0.0113574401	
0.0066931313	
0.0078741151	
0.0076320184	
0.0119080910	
0.0119816098	
0.0079478884	
0.0105138339	
