0.0091678968	
0.0075128722	
0.0104185389	
0.0136506232	
0.0106745933	
0.0115284330	
0.0125965751	
0.0000000000	
0.0073320940	
0.0098076703	
0.0094200842	
0.0069984047	
0.0021613212	
0.0153735757	
0.0090000876	
0.0068941183	
0.0131601846	
0.0127931051	
0.0115371699	
0.0217674684	
0.0106758525	
0.0076972394	
0.0130204791	
0.0102839059	
0.0079456338	
0.0135964595	
0.0091019240	
0.0181376399	
0.0124531776	
0.0129126956	
0.0188878397	
0.0088493042	
0.0085179957	
0.0047009779	
0.0123031054	
0.0050131256	
0.0115677698	
0.0116608931	
0.0035658138	
0.0096659479	
0.0037130398	
0.0019152906	
0.0140464542	
0.0102286626	
0.0118508286	
0.0037145956	
0.0079516842	
0.0144852281	
0.0086328588	
0.0009838920	
0.0206557226	
0.0120925023	
0.0104621731	
0.0073898704	
0.0128816861	
0.0156925776	
0.0137243168	
0.0087756580	
0.0160913536	
0.0102965051	
0.0126854718	
0.0064340831	
0.0084581946	
0.0100687011	
0.0112435010	
0.0042148866	
0.0161359079	
0.0039806867	
0.0152612092	
0.0141101839	
0.0000531534	
0.0172177242	
0.0086710539	
0.0064467449	
0.0055317707	
0.0115192022	
0.0099186861	
0.0102939328	
0.0087184739	
0.0052075162	
0.0079838615	
0.0133863762	
0.0191172960	
0.0077138020	
0.0122400100	
0.0135819317	
0.0125414965	
0.0023052448	
0.0192248511	
0.0122317448	
0.0109471874	
0.0069621284	
0.0077644554	
0.0070610686	
0.0120738392	
0.0119202207	
0.0081975698	
0.0106383345	
