0.022695	
0.021696	
0.042683	
0.029750	
0.017316	
0.004323	
0.033757	
0.019855	
0.009588	
0.019932	
0.012894	
0.037255	
0.017295	
0.021298	
0.027688	
0.021547	
0.007371	
0.024615	
0.035975	
0.020142	
0.010849	
0.015533	
0.008517	
0.033112	
0.013305	
0.000000	
0.021478	
0.000152	
0.011781	
0.000000	
0.000000	
0.015185	
0.018633	
0.026546	
0.009330	
0.028645	
0.020103	
0.004798	
0.017328	
0.027307	
0.023392	
0.008812	
0.015463	
0.018345	
0.017709	
0.025291	
0.011517	
0.025272	
0.018391	
0.021927	
0.006146	
0.022863	
0.019032	
0.012438	
0.008115	
0.015007	
