0.023256	
0.029136	
0.052898	
0.040589	
0.014978	
0.008147	
0.032373	
0.011387	
0.028788	
0.024885	
0.003611	
0.037918	
0.014572	
0.018681	
0.023319	
0.018304	
0.005946	
0.033930	
0.041902	
0.017364	
0.003806	
0.014906	
0.009489	
0.030899	
0.015102	
0.001256	
0.023675	
0.000000	
0.011175	
0.009989	
0.000621	
0.012627	
0.011338	
0.029430	
0.005642	
0.026641	
0.013149	
0.010894	
0.010793	
0.035714	
0.028273	
0.004193	
0.009630	
0.020396	
0.013620	
0.021613	
0.008676	
0.019240	
0.017395	
0.028952	
0.008295	
0.019780	
0.015549	
0.005867	
0.001831	
0.017557	
