0.019959	
0.029496	
0.048991	
0.037720	
0.014195	
0.009361	
0.033259	
0.014101	
0.025326	
0.026373	
0.010167	
0.035233	
0.015590	
0.017697	
0.023974	
0.016874	
0.004759	
0.025999	
0.039743	
0.018006	
0.006124	
0.017480	
0.011892	
0.031344	
0.013540	
0.000957	
0.022414	
0.000000	
0.013044	
0.008582	
0.000000	
0.015153	
0.013912	
0.029356	
0.005475	
0.028379	
0.015353	
0.012921	
0.011230	
0.033855	
0.025742	
0.004084	
0.009227	
0.019978	
0.011933	
0.023830	
0.007742	
0.019970	
0.016732	
0.026126	
0.012860	
0.020859	
0.018222	
0.005298	
0.002372	
0.017190	
