0.023115	
0.028638	
0.052057	
0.040758	
0.015452	
0.008301	
0.032431	
0.011235	
0.028991	
0.024079	
0.003983	
0.037445	
0.014420	
0.017810	
0.023409	
0.018758	
0.005791	
0.033472	
0.041564	
0.017856	
0.003956	
0.015121	
0.009848	
0.031197	
0.014884	
0.000957	
0.023700	
0.000000	
0.010906	
0.010618	
0.000819	
0.012336	
0.011722	
0.029288	
0.005609	
0.025026	
0.013444	
0.010936	
0.011166	
0.035088	
0.028557	
0.004353	
0.009931	
0.020929	
0.013957	
0.022650	
0.008962	
0.019431	
0.017807	
0.028116	
0.008191	
0.020010	
0.015898	
0.006194	
0.001918	
0.016911	
