0.021229	
0.024665	
0.042201	
0.039339	
0.014406	
0.009649	
0.029654	
0.011914	
0.019646	
0.021563	
0.008235	
0.032727	
0.016139	
0.018336	
0.020749	
0.017034	
0.009513	
0.031272	
0.033533	
0.018607	
0.008655	
0.016539	
0.009567	
0.027856	
0.014336	
0.007459	
0.021999	
0.005273	
0.013884	
0.013381	
0.000000	
0.013162	
0.014364	
0.027610	
0.010552	
0.025720	
0.016549	
0.013647	
0.012493	
0.029302	
0.026528	
0.009247	
0.009724	
0.018929	
0.015819	
0.020571	
0.009083	
0.019745	
0.019868	
0.022594	
0.014171	
0.018487	
0.017601	
0.009605	
0.007392	
0.017877	
