0.023852	
0.017188	
0.043555	
0.063475	
0.008189	
0.004517	
0.036649	
0.010280	
0.024185	
0.036731	
0.000000	
0.035203	
0.011531	
0.020298	
0.021317	
0.014442	
0.006407	
0.036375	
0.039863	
0.019280	
0.001627	
0.013269	
0.005018	
0.026782	
0.013870	
0.012745	
0.024736	
0.001027	
0.010432	
0.015290	
0.000000	
0.012044	
0.009527	
0.035467	
0.003350	
0.036233	
0.017547	
0.015554	
0.010577	
0.028398	
0.031093	
0.002914	
0.004911	
0.022965	
0.011527	
0.019991	
0.005119	
0.016659	
0.024085	
0.020398	
0.022662	
0.012163	
0.014004	
0.002475	
0.000553	
0.021649	
