0.0000000000	
0.0000000000	
0.0000000000	
0.0000000000	
0.0000000000	
0.0000000000	
0.0000000000	
0.0000000000	
0.0000000000	
0.0000000000	
0.0000000000	
0.0000000000	
0.0000000000	
0.0395645527	
0.0000000000	
0.0000000000	
0.0789546513	
0.0000000000	
0.0323836103	
0.0000000000	
0.0000000000	
0.0000000000	
0.0000000000	
0.0000000000	
0.0000000000	
0.0000000000	
0.0000000000	
0.0000000000	
0.0382465827	
0.0000000000	
0.0000000000	
0.0000000000	
0.1801889686	
0.0000000000	
0.0000000000	
0.0000000000	
0.0000000000	
0.2876065709	
0.0528931384	
0.0000000000	
0.0000000000	
0.0000000000	
0.0000000000	
0.0168220145	
0.0000000000	
-0.0000000000	
0.0000000000	
0.0000000000	
0.0000000000	
-0.0000000000	
0.0000000000	
0.0000000000	
0.0000000000	
0.0000000000	
0.0000000000	
0.0000000000	
0.0000000000	
0.0000000000	
0.0000000000	
0.1734772181	
0.0000000000	
0.0000000000	
0.0000000000	
0.0000000000	
0.0000000000	
0.0191875259	
0.0000000000	
0.0000000000	
0.0000000000	
0.0000000000	
0.0000000000	
0.0291187711	
0.0000000000	
0.0000000000	
0.0000000000	
0.0000000000	
0.0000000000	
0.0000000000	
0.0000000000	
0.0339974430	
0.0000000000	
0.0000000000	
0.0000000000	
0.0000000000	
0.0175589525	
0.0000000000	
0.0000000000	
0.0000000000	
0.0000000000	
