-0.0000000000	
0.0000000000	
0.0000000000	
0.0000000000	
0.0000000000	
-0.0000000000	
0.0000000000	
0.0000000000	
0.0000000062	
0.0000000000	
0.0000000000	
0.0000000000	
0.0000000000	
0.0412030928	
0.0000000000	
0.0000000000	
0.0851876725	
0.0000000000	
0.0292827662	
0.0000000000	
-0.0000000000	
0.0000000000	
0.0000000000	
0.0000000000	
0.0000000000	
-0.0000000000	
-0.0000000000	
0.0000000000	
0.0418506792	
0.0000000000	
0.0000406797	
0.0000000000	
0.1749820367	
-0.0000000000	
-0.0000000000	
-0.0000000000	
0.0000000000	
0.2881106523	
0.0578392834	
-0.0000000000	
-0.0000000000	
0.0000000000	
-0.0000000000	
0.0090932368	
0.0000000000	
0.0000000000	
0.0000000000	
-0.0000000000	
-0.0000000000	
0.0000000000	
-0.0000000000	
0.0000000000	
-0.0000000000	
-0.0000000000	
0.0000000000	
-0.0000000000	
0.0000000000	
-0.0000000000	
0.0000000000	
0.1698548615	
0.0000000000	
0.0000000000	
0.0000000000	
0.0000000000	
0.0000000000	
0.0215285453	
0.0000000000	
0.0000000000	
0.0000000000	
-0.0000000000	
0.0000000000	
0.0321700076	
0.0000000000	
0.0000000000	
-0.0000000000	
0.0000000000	
0.0000000000	
-0.0000000000	
0.0000000000	
0.0329625164	
-0.0000000000	
0.0000000000	
0.0000000000	
0.0000000000	
0.0158939635	
0.0000000000	
0.0000000000	
0.0000000000	
0.0000000000	
