0.0080456126	
0.0000795227	
0.0010622360	
0.0004268531	
0.0000000000	
0.0062629705	
0.0021277359	
0.0002821086	
0.0044176032	
0.0004512929	
0.0018397110	
0.0002278443	
0.0001807095	
0.0010127778	
0.0000000000	
0.0018418640	
0.0022898168	
0.0014780447	
0.0021746455	
0.0000356839	
0.0014191940	
0.0005648896	
0.0020775412	
0.0013875481	
0.0006531434	
0.0003348141	
0.0000000000	
0.0046247473	
0.0019402762	
0.0019261941	
0.0011694700	
0.0022684052	
0.0023803856	
0.0010576651	
0.0037767800	
0.0000000000	
0.0005637523	
0.0005099790	
0.0031069523	
0.0029111907	
0.0020437114	
0.0028265827	
0.0018732003	
0.0016579266	
0.0000000000	
0.0058614010	
0.0015931373	
0.0025954956	
0.0020832607	
0.0016410752	
0.0000000000	
0.0017375611	
0.0019800918	
0.0012337342	
0.0012532853	
0.0018817941	
0.0041429383	
0.0018438248	
0.0003257776	
0.0032346993	
0.0007490651	
0.0103748327	
0.0008868879	
0.0019227682	
0.0009059253	
0.0002426281	
0.0011417733	
0.0037562371	
0.0040936842	
0.0020016301	
0.0004951817	
0.0014525966	
0.0017664239	
0.0026986346	
0.0026517284	
0.0019654519	
0.0069253532	
0.0032572273	
0.0009939189	
0.0033411662	
0.0007518470	
0.0016100192	
0.0018435705	
0.0005004796	
0.0018720133	
0.0023170758	
0.0110776172	
0.0030353282	
0.0000242108	
0.0006348586	
0.0034693318	
0.0009358514	
0.0052005255	
0.0010006112	
0.0017229510	
0.0110052517	
0.0001841481	
0.0026135919	
0.0009849405	
0.0013822671	
0.0009356431	
0.0040920416	
0.0047270007	
0.0043871244	
0.0013845653	
0.0018449645	
0.0027023037	
0.0010082515	
0.0032040462	
0.0019599807	
0.0014226757	
0.0018295222	
0.0013955690	
0.0000000000	
0.0038349165	
0.0034227226	
0.0017903617	
0.0010565827	
0.0000000000	
0.0027699631	
0.0082785601	
0.0001282619	
0.0029955926	
0.0020420359	
0.0016924762	
0.0000000000	
0.0033878062	
0.0008357637	
0.0021016194	
0.0024775462	
0.0025012578	
0.0021694826	
0.0042859292	
0.0020215026	
0.0007040274	
0.0019238201	
0.0002986167	
0.0001285980	
0.0000000000	
0.0029911656	
0.0028103314	
0.0017046227	
0.0043309943	
0.0028221832	
0.0018613529	
0.0025666032	
0.0026410045	
0.0107531282	
0.0031598376	
0.0000000000	
0.0031428995	
0.0039624353	
0.0024903637	
0.0000000000	
0.0007517966	
0.0012325955	
0.0042438599	
0.0017580828	
0.0005694774	
0.0003687503	
0.0001188859	
0.0020701595	
0.0002458671	
0.0039577903	
0.0086711954	
0.0022188046	
0.0027962518	
0.0000832045	
0.0034371683	
0.0033434642	
0.0029799263	
0.0100669711	
0.0020708996	
0.0013669632	
0.0005697373	
0.0037621799	
0.0017185334	
0.0028548140	
0.0013345882	
0.0007178570	
0.0049038675	
0.0022871532	
0.0027031418	
0.0011151197	
0.0024963427	
0.0020088053	
0.0007156338	
0.0024050740	
0.0000000000	
0.0021322598	
0.0080353738	
0.0056082045	
0.0038300900	
0.0008078957	
0.0000000000	
0.0025276861	
0.0005472062	
0.0000786602	
0.0031075498	
0.0001927461	
0.0042265739	
0.0014074417	
0.0009402783	
0.0025318941	
0.0070475721	
0.0005375744	
0.0019692976	
0.0018113325	
0.0044162544	
0.0001569492	
0.0048800282	
0.0001081888	
0.0013329751	
0.0053660311	
0.0061876095	
0.0034336416	
0.0024758495	
0.0008041792	
0.0020530916	
0.0035081614	
0.0008826397	
0.0003362208	
0.0029379784	
0.0016329011	
0.0039929418	
0.0017011492	
0.0000000000	
0.0006680551	
0.0037559847	
0.0015595918	
0.0008262663	
0.0014687049	
0.0024562786	
0.0015882745	
0.0012029753	
0.0005573505	
0.0056089752	
0.0011343054	
0.0003231052	
0.0028704637	
0.0018201548	
0.0023250514	
0.0000000000	
0.0016306599	
0.0017870629	
0.0000000000	
0.0007556610	
0.0025609734	
0.0016355628	
0.0054457103	
0.0017068964	
0.0024680654	
0.0009506077	
0.0035168935	
0.0000000000	
0.0047665638	
0.0011997849	
0.0009626874	
0.0000000000	
0.0019388175	
0.0033297966	
0.0032522697	
0.0013524933	
0.0026546446	
0.0011360484	
0.0019967214	
0.0021583161	
0.0003659060	
0.0043815136	
0.0026673091	
0.0046147615	
0.0021623941	
0.0031435841	
0.0021640853	
0.0004644430	
0.0015611192	
0.0015842726	
0.0023836721	
0.0027960257	
0.0021382282	
0.0049125311	
0.0014677525	
0.0009514789	
0.0038862411	
0.0015575538	
0.0022094021	
0.0000824032	
0.0032153387	
0.0033458561	
0.0021206292	
0.0031235152	
0.0015201989	
0.0019196288	
0.0011236142	
0.0031289463	
0.0010234413	
0.0000525563	
0.0054762072	
0.0000000000	
0.0029061505	
0.0000000000	
0.0056226807	
0.0020482928	
0.0021362049	
0.0034260161	
0.0019670774	
0.0008426907	
0.0011245900	
0.0013933279	
0.0030114874	
0.0001567389	
0.0022817200	
0.0052184844	
0.0005080934	
0.0010776858	
0.0038701423	
0.0018204356	
0.0073080251	
0.0042561018	
0.0019665787	
0.0002955227	
0.0033975628	
0.0031925286	
0.0018950485	
0.0015755193	
0.0000492933	
0.0016130509	
0.0003616419	
0.0047741565	
0.0050817006	
0.0030457611	
0.0063365301	
0.0037864306	
0.0011324828	
0.0052327250	
0.0044248334	
0.0016165179	
0.0030287986	
0.0001901700	
0.0039160566	
0.0021537644	
0.0049380620	
0.0034605521	
0.0017685887	
0.0002969115	
0.0056701138	
0.0000000000	
0.0032287092	
0.0024026841	
0.0007143992	
0.0047658915	
0.0035034196	
0.0001113809	
0.0027291736	
0.0038934260	
0.0015063474	
0.0033054706	
0.0006353840	
0.0018507445	
0.0022895254	
0.0032499992	
0.0043909465	
0.0016665479	
0.0021819240	
0.0013487809	
0.0022434475	
0.0014662726	
0.0005069908	
0.0005775256	
0.0023776994	
0.0034681990	
0.0025515668	
0.0052728758	
0.0004617135	
0.0038046680	
0.0031712410	
0.0002014433	
0.0048890564	
0.0010555596	
0.0005601264	
0.0051967835	
0.0037202566	
0.0048962051	
0.0019595428	
0.0008380387	
0.0017755809	
0.0010721491	
0.0001898424	
0.0020629916	
0.0000000000	
0.0024644326	
0.0034997218	
0.0001695163	
0.0000000000	
0.0017842267	
0.0060296160	
0.0000000000	
0.0007079871	
0.0005381339	
0.0021855138	
0.0005638514	
0.0011443060	
0.0023545536	
0.0000000000	
0.0023895511	
0.0016040922	
0.0060651815	
0.0046548275	
0.0052603224	
0.0038000381	
0.0017426057	
0.0010025232	
0.0033407591	
0.0044358206	
0.0012559968	
0.0061573505	
0.0000071646	
0.0019955101	
0.0060464326	
0.0019920047	
0.0010784457	
0.0002644561	
0.0020016250	
0.0001934524	
0.0015740911	
0.0000000000	
0.0062107683	
0.0000000000	
0.0031758665	
0.0016700478	
0.0025339334	
0.0008572525	
0.0037646980	
0.0025022144	
0.0024060455	
0.0026646907	
0.0021263226	
0.0002012669	
0.0044370604	
0.0011619565	
0.0015017638	
0.0023157334	
