0.0061811437	
0.0012845346	
0.0011007672	
0.0009846067	
0.0003525151	
0.0053751083	
0.0022255445	
0.0008009182	
0.0039298501	
0.0008316342	
0.0020480382	
0.0007375395	
0.0006172474	
0.0013469631	
0.0007213529	
0.0011908567	
0.0022374443	
0.0022057775	
0.0027191081	
0.0011541188	
0.0011989232	
0.0012395758	
0.0023508422	
0.0015906107	
0.0012181946	
0.0010986718	
0.0000000000	
0.0042874953	
0.0025656325	
0.0025556560	
0.0018127829	
0.0027922632	
0.0021245294	
0.0018575005	
0.0039586640	
0.0009623337	
0.0013239704	
0.0018635003	
0.0023863105	
0.0031420398	
0.0021081107	
0.0033422450	
0.0021588793	
0.0014608606	
0.0010335347	
0.0049467545	
0.0013508520	
0.0026972195	
0.0028367962	
0.0024260079	
0.0008423206	
0.0021008991	
0.0020379609	
0.0016017940	
0.0021070148	
0.0021374086	
0.0033213400	
0.0018741292	
0.0013708139	
0.0030541048	
0.0013548706	
0.0072869825	
0.0015291945	
0.0018638636	
0.0010706849	
0.0010602994	
0.0017215141	
0.0035321869	
0.0033041471	
0.0020820356	
0.0010982195	
0.0018336245	
0.0020342460	
0.0027233928	
0.0020297560	
0.0017838183	
0.0055937999	
0.0030986169	
0.0016414354	
0.0023518055	
0.0013644121	
0.0025875385	
0.0013436733	
0.0012553836	
0.0018217400	
0.0017165153	
0.0090339373	
0.0029526833	
0.0008014817	
0.0014952383	
0.0031316649	
0.0015595112	
0.0041216492	
0.0020146764	
0.0019897881	
0.0083724275	
0.0011946046	
0.0030802936	
0.0016277183	
0.0016980183	
0.0017310439	
0.0039555412	
0.0034857066	
0.0031345852	
0.0020268990	
0.0019710870	
0.0027612533	
0.0014828754	
0.0025982023	
0.0025889461	
0.0010625641	
0.0027568313	
0.0023733185	
0.0008863967	
0.0038250566	
0.0033651666	
0.0020793935	
0.0017718466	
0.0001209174	
0.0024731465	
0.0062575228	
0.0012014632	
0.0028453313	
0.0021791843	
0.0020750565	
0.0009917140	
0.0024328610	
0.0015281689	
0.0018924871	
0.0019401739	
0.0019203689	
0.0021434186	
0.0034429903	
0.0015887825	
0.0013170400	
0.0019694501	
0.0009789486	
0.0011109032	
0.0022253227	
0.0033603564	
0.0027723763	
0.0019336106	
0.0043029199	
0.0036639003	
0.0023401073	
0.0027243574	
0.0023074256	
0.0083646125	
0.0030127171	
0.0006663680	
0.0031098790	
0.0040506261	
0.0021376612	
0.0000000000	
0.0017872935	
0.0019998168	
0.0042765703	
0.0019584089	
0.0013110876	
0.0011795071	
0.0007508299	
0.0024107063	
0.0008552608	
0.0031500958	
0.0062455780	
0.0025759951	
0.0030073450	
0.0009533362	
0.0022847474	
0.0025037304	
0.0027062298	
0.0079509689	
0.0020062030	
0.0017253240	
0.0010798754	
0.0037515826	
0.0015042580	
0.0020498462	
0.0017204820	
0.0015623851	
0.0044336988	
0.0028667864	
0.0020148183	
0.0013778866	
0.0025178849	
0.0020507142	
0.0015062312	
0.0021591761	
0.0009504577	
0.0025272510	
0.0058452665	
0.0036855325	
0.0035585726	
0.0013532367	
0.0018916338	
0.0023326220	
0.0013713703	
0.0009958611	
0.0033413994	
0.0010777893	
0.0036751654	
0.0018152718	
0.0013538960	
0.0027001443	
0.0055781489	
0.0012537651	
0.0021163514	
0.0028356615	
0.0040700731	
0.0010355235	
0.0040575780	
0.0010715908	
0.0017920813	
0.0042345913	
0.0041937437	
0.0037943536	
0.0027550324	
0.0019744688	
0.0018891479	
0.0031019839	
0.0015590536	
0.0010871616	
0.0024055373	
0.0020180842	
0.0035188539	
0.0007952849	
0.0002576211	
0.0013546210	
0.0024283429	
0.0013571115	
0.0012633390	
0.0023523891	
0.0028014840	
0.0030072785	
0.0017583852	
0.0014962346	
0.0048146428	
0.0016879511	
0.0008661193	
0.0027740994	
0.0023873571	
0.0025475870	
0.0001891502	
0.0016074498	
0.0018401219	
0.0000000000	
0.0014531294	
0.0019447953	
0.0019511338	
0.0039606814	
0.0019234546	
0.0022563409	
0.0012872524	
0.0025574400	
0.0000000000	
0.0039082224	
0.0021898782	
0.0015784789	
0.0004738948	
0.0025040611	
0.0024306559	
0.0011314981	
0.0016091100	
0.0026085569	
0.0013359554	
0.0015250454	
0.0026356973	
0.0012083905	
0.0023846162	
0.0023803766	
0.0053842370	
0.0011995655	
0.0028118455	
0.0020397992	
0.0014714617	
0.0011292101	
0.0016523327	
0.0025659759	
0.0025743865	
0.0021655285	
0.0041867338	
0.0017479409	
0.0022294169	
0.0032535077	
0.0020876690	
0.0025148635	
0.0006130509	
0.0030880589	
0.0027255586	
0.0023549822	
0.0017178649	
0.0019718933	
0.0018227625	
0.0015987881	
0.0028952857	
0.0019679458	
0.0004043199	
0.0044909725	
0.0003429912	
0.0036029673	
0.0003063025	
0.0046230817	
0.0027074241	
0.0016767105	
0.0036714784	
0.0014195774	
0.0014719032	
0.0012607860	
0.0017165847	
0.0029805648	
0.0015264901	
0.0011924212	
0.0030528627	
0.0009330870	
0.0013153983	
0.0028233458	
0.0022421276	
0.0044345198	
0.0036352880	
0.0021926162	
0.0010587657	
0.0024972359	
0.0023694144	
0.0021897993	
0.0019712880	
0.0007420474	
0.0014630605	
0.0010204405	
0.0037543798	
0.0049212203	
0.0034387097	
0.0046265107	
0.0032565710	
0.0016507119	
0.0044870652	
0.0031026354	
0.0013020253	
0.0029812118	
0.0016871998	
0.0037932105	
0.0027370209	
0.0044461436	
0.0027575957	
0.0020539190	
0.0012860002	
0.0038710721	
0.0005027154	
0.0016160206	
0.0029447146	
0.0012696883	
0.0031429069	
0.0031311640	
0.0009589999	
0.0033454321	
0.0032780771	
0.0021530952	
0.0026244855	
0.0017004530	
0.0023256250	
0.0023244253	
0.0019620139	
0.0032804185	
0.0013629759	
0.0025664868	
0.0017526204	
0.0019959341	
0.0014862958	
0.0009128670	
0.0012459791	
0.0027661162	
0.0029409920	
0.0017742295	
0.0035790253	
0.0017592138	
0.0033156634	
0.0032754406	
0.0015533468	
0.0024174906	
0.0010387459	
0.0015392199	
0.0042696645	
0.0022898468	
0.0026782043	
0.0030401273	
0.0018496116	
0.0020747295	
0.0017139753	
0.0010585726	
0.0023487538	
0.0009141394	
0.0031850707	
0.0038264319	
0.0008205384	
0.0015815338	
0.0027648655	
0.0036502993	
0.0000000000	
0.0014751982	
0.0015066835	
0.0015174147	
0.0017036230	
0.0017682266	
0.0036445799	
0.0003306270	
0.0022462670	
0.0016707905	
0.0038848618	
0.0033663888	
0.0035227936	
0.0023064571	
0.0014174283	
0.0021099675	
0.0024029803	
0.0026684287	
0.0019042238	
0.0028756523	
0.0014764488	
0.0021678248	
0.0046207751	
0.0024188696	
0.0014064707	
0.0012840167	
0.0006943393	
0.0009082353	
0.0019575616	
0.0000000000	
0.0032605386	
0.0007000670	
0.0026953950	
0.0000600316	
0.0018378137	
0.0012108223	
0.0032950400	
0.0007183081	
0.0003994558	
0.0021144181	
0.0012556186	
0.0008874132	
0.0032785316	
0.0018205403	
0.0017733067	
0.0018084827	
