0.0062310145	
0.0011550521	
0.0011166635	
0.0009316696	
0.0002963754	
0.0050176963	
0.0022421475	
0.0008038296	
0.0035622724	
0.0008274163	
0.0020622378	
0.0006815331	
0.0006412064	
0.0011865360	
0.0006615141	
0.0013389238	
0.0022716663	
0.0020242835	
0.0027997927	
0.0010515162	
0.0012486736	
0.0011121957	
0.0023810114	
0.0016862118	
0.0011407099	
0.0010558107	
0.0000000000	
0.0044291139	
0.0022884728	
0.0025169233	
0.0018697190	
0.0027749252	
0.0019724585	
0.0019318198	
0.0040929610	
0.0009847882	
0.0013358285	
0.0017442599	
0.0025073161	
0.0029523699	
0.0021156253	
0.0030443886	
0.0021374977	
0.0016371569	
0.0009847790	
0.0049872843	
0.0014585644	
0.0025739436	
0.0024805383	
0.0021875675	
0.0006666802	
0.0018681614	
0.0021521121	
0.0015530989	
0.0019399514	
0.0020483528	
0.0033629792	
0.0018118775	
0.0012017057	
0.0028825597	
0.0015385141	
0.0071093640	
0.0015221136	
0.0017900628	
0.0012585133	
0.0012210430	
0.0016915142	
0.0039135973	
0.0033918326	
0.0019702098	
0.0009902325	
0.0020759280	
0.0019289949	
0.0027211980	
0.0020479678	
0.0017869582	
0.0054778901	
0.0029188283	
0.0017964137	
0.0024085966	
0.0013066681	
0.0024270558	
0.0015246315	
0.0011062885	
0.0019444581	
0.0019381148	
0.0087971952	
0.0026752691	
0.0006074214	
0.0016039395	
0.0031190082	
0.0013713283	
0.0041391463	
0.0019514997	
0.0019795756	
0.0084478735	
0.0011507136	
0.0030887765	
0.0015117591	
0.0015762571	
0.0016302005	
0.0038151054	
0.0036196206	
0.0033739217	
0.0017468491	
0.0020883434	
0.0028627796	
0.0015363953	
0.0026754653	
0.0026935505	
0.0012682376	
0.0026409778	
0.0021908598	
0.0011975667	
0.0039682210	
0.0035179979	
0.0019291058	
0.0017492362	
0.0000744320	
0.0025859303	
0.0065039660	
0.0010088317	
0.0027647149	
0.0020862313	
0.0020295173	
0.0008360034	
0.0024649753	
0.0015212122	
0.0020224602	
0.0020426491	
0.0021306452	
0.0024328575	
0.0033706113	
0.0018495523	
0.0012509478	
0.0022110258	
0.0007340973	
0.0008917579	
0.0018845459	
0.0033867615	
0.0028063388	
0.0020129682	
0.0042977987	
0.0034140104	
0.0022261222	
0.0028012828	
0.0025197688	
0.0082896515	
0.0032142012	
0.0003780570	
0.0030336819	
0.0035561749	
0.0020948116	
0.0000000000	
0.0017654176	
0.0020943981	
0.0040694431	
0.0018976465	
0.0010564932	
0.0011848380	
0.0010017264	
0.0022451993	
0.0009030291	
0.0033314347	
0.0062141667	
0.0023063398	
0.0028108018	
0.0007004223	
0.0024795473	
0.0027263533	
0.0027357851	
0.0082441993	
0.0020776045	
0.0015806390	
0.0011614144	
0.0035050066	
0.0015637865	
0.0024025728	
0.0018295572	
0.0013100614	
0.0042168794	
0.0027186126	
0.0022815735	
0.0015385715	
0.0031404931	
0.0018943841	
0.0013416013	
0.0022127558	
0.0006432434	
0.0022971272	
0.0057768943	
0.0037198371	
0.0034941091	
0.0010903765	
0.0017552775	
0.0021759793	
0.0011422769	
0.0010747921	
0.0033721284	
0.0010636021	
0.0037635304	
0.0015782266	
0.0012912225	
0.0025797455	
0.0058001082	
0.0013288353	
0.0020648324	
0.0030076467	
0.0036996391	
0.0009492458	
0.0042083002	
0.0008129487	
0.0018110620	
0.0043310543	
0.0043625568	
0.0037805902	
0.0025974618	
0.0015399073	
0.0020472019	
0.0031460605	
0.0016208087	
0.0011436521	
0.0024188185	
0.0017422642	
0.0035613105	
0.0012155815	
0.0003444543	
0.0011552083	
0.0026705512	
0.0015438619	
0.0011688043	
0.0023705727	
0.0028233442	
0.0026888457	
0.0017109994	
0.0012307396	
0.0046015025	
0.0014817622	
0.0009316289	
0.0028024148	
0.0022741001	
0.0023925914	
0.0001281580	
0.0014598712	
0.0016207689	
0.0000857194	
0.0014690131	
0.0020232162	
0.0017783490	
0.0039709916	
0.0019256192	
0.0024394640	
0.0013144893	
0.0025624874	
0.0000000000	
0.0040216512	
0.0019198336	
0.0014557372	
0.0004880923	
0.0023934061	
0.0025085797	
0.0018336374	
0.0015719637	
0.0026379838	
0.0011418203	
0.0014988966	
0.0025774764	
0.0007918821	
0.0026639799	
0.0025624904	
0.0055602831	
0.0015599255	
0.0028643105	
0.0021257867	
0.0011728801	
0.0015636933	
0.0016678201	
0.0028098326	
0.0028516823	
0.0021509055	
0.0041703911	
0.0017944112	
0.0020392712	
0.0032160751	
0.0020773236	
0.0024241946	
0.0005866787	
0.0029074192	
0.0025548354	
0.0021426777	
0.0018706159	
0.0016686714	
0.0020633093	
0.0014041127	
0.0030964306	
0.0018611620	
0.0004183777	
0.0045271534	
0.0002885571	
0.0034026917	
0.0000239055	
0.0047721278	
0.0024627913	
0.0018145780	
0.0033690683	
0.0016258796	
0.0012792553	
0.0012994619	
0.0017137026	
0.0028706850	
0.0012268977	
0.0012776193	
0.0032033665	
0.0009648913	
0.0012407076	
0.0029292165	
0.0023196589	
0.0047181199	
0.0036899922	
0.0019118185	
0.0008803492	
0.0026487449	
0.0024271888	
0.0021662069	
0.0019494252	
0.0007642189	
0.0016659620	
0.0010884541	
0.0037718771	
0.0046756069	
0.0034918930	
0.0047176350	
0.0037060213	
0.0015641243	
0.0043954735	
0.0034867852	
0.0012785385	
0.0029251969	
0.0015211876	
0.0037288951	
0.0026566051	
0.0043270495	
0.0028080044	
0.0019127031	
0.0011741235	
0.0037810552	
0.0005649396	
0.0021708392	
0.0026933621	
0.0012695171	
0.0035704314	
0.0030818184	
0.0007469583	
0.0030714707	
0.0031301491	
0.0022393315	
0.0027971048	
0.0015201631	
0.0020659927	
0.0023493493	
0.0021635229	
0.0035267359	
0.0014792934	
0.0024785639	
0.0015753780	
0.0021431310	
0.0014261845	
0.0011967699	
0.0012747929	
0.0027171465	
0.0031404493	
0.0017303572	
0.0036488645	
0.0017917187	
0.0032553541	
0.0032250183	
0.0012953012	
0.0031645073	
0.0013025375	
0.0009919286	
0.0041791383	
0.0024851353	
0.0031421463	
0.0027781065	
0.0020463611	
0.0020630949	
0.0016091132	
0.0007840534	
0.0022993602	
0.0008917205	
0.0025812925	
0.0040742638	
0.0009801207	
0.0016135196	
0.0029774333	
0.0037806484	
0.0000000000	
0.0010654065	
0.0016280502	
0.0014677627	
0.0014616668	
0.0017197235	
0.0043365513	
0.0005394925	
0.0022918768	
0.0017860685	
0.0041220908	
0.0033678076	
0.0038478949	
0.0022709961	
0.0015508706	
0.0020120981	
0.0024311137	
0.0028687247	
0.0018843336	
0.0035537397	
0.0007109019	
0.0020779867	
0.0049500418	
0.0020990233	
0.0015041165	
0.0014094979	
0.0012658137	
0.0008097325	
0.0020397001	
0.0000000000	
0.0036582680	
0.0009884144	
0.0032247794	
0.0001300226	
0.0019936941	
0.0012375189	
0.0033199860	
0.0010741856	
0.0007052518	
0.0021534373	
0.0016853722	
0.0009264753	
0.0033911539	
0.0019068960	
0.0017114335	
0.0019954952	
