0.0080406830	
0.0007594102	
0.0007784133	
0.0004696986	
0.0000000000	
0.0057266387	
0.0021292987	
0.0000210849	
0.0041931274	
0.0003610357	
0.0016934940	
0.0000093207	
0.0001986721	
0.0009092369	
0.0000000000	
0.0012151853	
0.0023727693	
0.0016409058	
0.0025721424	
0.0008904635	
0.0006857499	
0.0006479449	
0.0022243787	
0.0014896844	
0.0005841195	
0.0004003077	
0.0000000000	
0.0051880536	
0.0023137969	
0.0021709326	
0.0018163376	
0.0026989099	
0.0018241581	
0.0014530444	
0.0046724308	
0.0003357684	
0.0009078128	
0.0009480073	
0.0026523850	
0.0026354322	
0.0019314011	
0.0031799031	
0.0019286162	
0.0013296543	
0.0000000000	
0.0062527295	
0.0013183012	
0.0024464198	
0.0022661962	
0.0021855515	
0.0001362009	
0.0017705667	
0.0018654051	
0.0011869385	
0.0016647226	
0.0018703915	
0.0043024002	
0.0016991383	
0.0005333556	
0.0032478141	
0.0009076477	
0.0095750566	
0.0008541240	
0.0019205574	
0.0009861807	
0.0005600667	
0.0015073365	
0.0041002018	
0.0040406785	
0.0020589809	
0.0005995112	
0.0018921269	
0.0018440739	
0.0029137524	
0.0020734883	
0.0018399641	
0.0067371164	
0.0032039689	
0.0013177251	
0.0026238953	
0.0005298907	
0.0023124055	
0.0014264580	
0.0006801680	
0.0017084671	
0.0021493719	
0.0104925289	
0.0028544314	
0.0000000000	
0.0013825058	
0.0037476452	
0.0010498039	
0.0049797814	
0.0017972974	
0.0015981615	
0.0110777331	
0.0004718518	
0.0028377290	
0.0012694731	
0.0010625396	
0.0012379549	
0.0043631695	
0.0043378696	
0.0041518466	
0.0016902849	
0.0018540028	
0.0027865454	
0.0011980054	
0.0027770701	
0.0023760166	
0.0010368965	
0.0023637564	
0.0018349494	
0.0012119893	
0.0038207231	
0.0039979832	
0.0018843874	
0.0014686221	
0.0000000000	
0.0023822020	
0.0086976467	
0.0004930323	
0.0027598715	
0.0018362764	
0.0020298106	
0.0000000000	
0.0025759154	
0.0011226335	
0.0021205425	
0.0021081347	
0.0023583208	
0.0024192627	
0.0039788381	
0.0016362912	
0.0004603752	
0.0020158014	
0.0000689761	
0.0002067024	
0.0020818117	
0.0032605291	
0.0029155383	
0.0020704805	
0.0045858117	
0.0035405368	
0.0021246917	
0.0028934748	
0.0025798874	
0.0109098683	
0.0033862124	
0.0000000000	
0.0035051310	
0.0038373334	
0.0019236451	
0.0000000000	
0.0014403895	
0.0017992582	
0.0044356515	
0.0019035513	
0.0005311150	
0.0007322380	
0.0007978383	
0.0021838792	
0.0000113298	
0.0040301122	
0.0082799358	
0.0021856139	
0.0029437052	
0.0000982122	
0.0025982107	
0.0028236390	
0.0025983386	
0.0109442851	
0.0024210368	
0.0014729876	
0.0008298329	
0.0037848645	
0.0012950790	
0.0024509535	
0.0017378244	
0.0010326764	
0.0049117119	
0.0025701116	
0.0026251873	
0.0016605539	
0.0030764712	
0.0019463152	
0.0009174598	
0.0021649254	
0.0000000000	
0.0022743403	
0.0077223282	
0.0045936902	
0.0038945319	
0.0003836413	
0.0004508594	
0.0024364709	
0.0006489416	
0.0005205740	
0.0035505849	
0.0000000000	
0.0041616651	
0.0014151016	
0.0010369949	
0.0026661720	
0.0073534003	
0.0004959877	
0.0020887731	
0.0032519609	
0.0044372735	
0.0002381811	
0.0047791218	
0.0000000000	
0.0014686679	
0.0052441897	
0.0056650606	
0.0042697803	
0.0026059525	
0.0013591743	
0.0020453761	
0.0033540395	
0.0011068984	
0.0003060048	
0.0026611748	
0.0015952475	
0.0040992398	
0.0009238997	
0.0000792244	
0.0007185141	
0.0031423788	
0.0014080823	
0.0005783626	
0.0025046707	
0.0029085846	
0.0026792925	
0.0015347777	
0.0006089068	
0.0055801991	
0.0010624566	
0.0000131485	
0.0029792882	
0.0020786823	
0.0024388845	
0.0000000000	
0.0014855091	
0.0011689737	
0.0000000000	
0.0007668361	
0.0023378530	
0.0015457076	
0.0060919147	
0.0014495642	
0.0023745935	
0.0010835517	
0.0027970581	
0.0000000000	
0.0048060755	
0.0017268614	
0.0011616081	
0.0000000000	
0.0019923082	
0.0027516926	
0.0023071066	
0.0015006309	
0.0027150537	
0.0008322671	
0.0012529576	
0.0022184360	
0.0003217660	
0.0032305008	
0.0024370154	
0.0062112925	
0.0015447600	
0.0033680017	
0.0021678023	
0.0008303150	
0.0012879647	
0.0012155974	
0.0030857467	
0.0030012119	
0.0021495632	
0.0046114297	
0.0013883316	
0.0012612492	
0.0035326071	
0.0023459304	
0.0024042644	
0.0000000000	
0.0030787238	
0.0025994239	
0.0020831003	
0.0017679958	
0.0014119110	
0.0022090503	
0.0008029021	
0.0048198802	
0.0013811175	
0.0000000000	
0.0052845753	
0.0000000000	
0.0037236175	
0.0000000000	
0.0057893142	
0.0023320163	
0.0017422226	
0.0036315509	
0.0013501089	
0.0009940952	
0.0012428123	
0.0011055780	
0.0032111238	
0.0004454777	
0.0011115153	
0.0045168426	
0.0001924583	
0.0007967748	
0.0034552753	
0.0022103355	
0.0061287612	
0.0040078596	
0.0020666527	
0.0001097194	
0.0029219151	
0.0028399522	
0.0019430484	
0.0016001485	
0.0000821144	
0.0012310209	
0.0002608687	
0.0052608931	
0.0054057391	
0.0034059948	
0.0064826533	
0.0040286914	
0.0010683174	
0.0052334585	
0.0040988880	
0.0012085026	
0.0031689357	
0.0007535331	
0.0041986537	
0.0022009653	
0.0045314257	
0.0030428000	
0.0018565233	
0.0002283548	
0.0050480596	
0.0000000000	
0.0023856482	
0.0023410621	
0.0006838383	
0.0041440555	
0.0035164074	
0.0001675813	
0.0034937809	
0.0034561028	
0.0021271366	
0.0033452353	
0.0009776038	
0.0018081105	
0.0021415940	
0.0025700962	
0.0040067033	
0.0012068380	
0.0021175652	
0.0012256236	
0.0026379472	
0.0014153683	
0.0004194166	
0.0009142092	
0.0027016469	
0.0034587273	
0.0017065707	
0.0044283098	
0.0008463288	
0.0038119547	
0.0033116810	
0.0002567755	
0.0046994456	
0.0008558991	
0.0005451361	
0.0053356935	
0.0029204526	
0.0037240175	
0.0026066794	
0.0015844868	
0.0016726459	
0.0017280922	
0.0002013760	
0.0022299957	
0.0000000000	
0.0022133732	
0.0041541134	
0.0000395655	
0.0006162027	
0.0030100139	
0.0049791736	
0.0000000000	
0.0006935999	
0.0009331772	
0.0017052155	
0.0009567623	
0.0015259112	
0.0045410026	
0.0000000000	
0.0021081248	
0.0015934287	
0.0053562694	
0.0034286245	
0.0047057359	
0.0025537077	
0.0010057828	
0.0011542368	
0.0031264634	
0.0038299862	
0.0017332883	
0.0049340093	
0.0000906671	
0.0017735788	
0.0067856046	
0.0019728492	
0.0011511075	
0.0011969561	
0.0011364710	
0.0000000000	
0.0016072040	
0.0000000000	
0.0050211693	
0.0000000000	
0.0031329625	
0.0000000000	
0.0015034017	
0.0003881512	
0.0036831695	
0.0017705667	
0.0002537664	
0.0020910378	
0.0020267632	
0.0001916560	
0.0039561624	
0.0018135461	
0.0016171777	
0.0020793185	
