0.000000	
0.000000	
0.000000	
0.000000	
0.024441	
-0.000000	
0.000000	
0.000000	
0.000000	
0.000000	
-0.000000	
0.000000	
0.000000	
0.000000	
0.000000	
0.339804	
0.000000	
0.000000	
0.000000	
-0.000000	
-0.000000	
-0.000000	
0.000000	
0.000000	
0.000000	
0.000000	
0.000000	
-0.000000	
0.055582	
0.041600	
0.000000	
0.000000	
-0.000000	
0.135858	
-0.000000	
0.094287	
-0.000000	
0.000000	
0.000000	
0.134137	
-0.000000	
0.000000	
0.000000	
-0.000000	
0.000000	
0.000000	
-0.000000	
0.114739	
0.059552	
