0.000000	
-0.000000	
-0.000000	
0.000000	
0.011018	
0.000000	
0.000000	
0.000000	
0.000000	
0.000000	
0.000000	
0.066072	
-0.000000	
0.000000	
0.052679	
0.373484	
0.000000	
0.000000	
-0.000000	
0.000000	
-0.000000	
0.000000	
0.000000	
0.006470	
0.000000	
0.000000	
-0.000000	
0.000000	
0.052172	
0.047148	
-0.000000	
0.000000	
0.000000	
0.076990	
0.000000	
0.089272	
-0.000000	
-0.000000	
0.000000	
0.127188	
0.000000	
0.000000	
-0.000000	
-0.000000	
0.000000	
0.000000	
-0.000000	
0.054045	
0.043460	
