0.000000	
0.000000	
-0.000000	
-0.000000	
0.073908	
-0.000000	
0.000000	
-0.000000	
-0.000000	
-0.000000	
-0.000000	
0.050501	
0.000000	
0.000000	
0.024348	
0.422342	
-0.000000	
-0.000000	
-0.000000	
-0.000000	
0.000000	
0.000000	
0.000000	
-0.000000	
0.000000	
-0.000000	
-0.000000	
-0.000000	
0.076816	
0.078550	
0.000000	
0.000000	
0.000000	
0.091378	
0.000000	
0.079855	
-0.000000	
-0.000000	
0.000000	
0.007825	
-0.000000	
0.000000	
0.000000	
0.000000	
0.044801	
-0.000000	
0.000000	
0.004837	
0.044839	
