-0.000000	
0.000000	
0.000000	
-0.000000	
0.064169	
0.000000	
0.000000	
0.020021	
0.000000	
0.000000	
0.000000	
0.046856	
-0.000000	
0.000000	
0.019999	
0.384450	
0.000000	
0.000000	
-0.000000	
0.000000	
0.000000	
0.000000	
0.000000	
0.005038	
-0.000000	
0.000000	
-0.000000	
-0.000000	
0.103862	
0.085299	
0.000000	
0.000000	
-0.000000	
0.085331	
0.000000	
0.098594	
-0.000000	
0.000000	
-0.000000	
0.000000	
0.000000	
0.000000	
0.000000	
-0.000000	
0.006797	
0.000000	
0.000000	
0.034352	
0.045232	
