0.0085239849	
0.0004082135	
0.0017739208	
0.0002973398	
0.0000000000	
0.0059264615	
0.0019394449	
0.0006448115	
0.0044337293	
0.0007113158	
0.0015306175	
0.0003735254	
0.0003158555	
0.0014507491	
0.0000000000	
0.0024162487	
0.0026016751	
0.0007754203	
0.0018135521	
0.0010377824	
0.0021227637	
0.0007613279	
0.0014978080	
0.0015930046	
0.0006524496	
0.0000000000	
0.0000000000	
0.0028190512	
0.0022838014	
0.0018882803	
0.0006104013	
0.0022024538	
0.0033095773	
0.0012295609	
0.0026157567	
0.0000000000	
0.0004613313	
0.0001859930	
0.0034672286	
0.0026271239	
0.0018380951	
0.0029119069	
0.0017620002	
0.0015839878	
0.0000000000	
0.0050140683	
0.0018932439	
0.0025180674	
0.0024371538	
0.0013181305	
0.0001809289	
0.0015965379	
0.0013163658	
0.0013041767	
0.0005618831	
0.0018345509	
0.0040897673	
0.0019226615	
0.0004645799	
0.0037484437	
0.0007772242	
0.0096654580	
0.0000000000	
0.0015652817	
0.0010665952	
0.0003933454	
0.0012307001	
0.0030249441	
0.0039062254	
0.0021853176	
0.0011395267	
0.0008852019	
0.0017151063	
0.0018293563	
0.0025696471	
0.0022722910	
0.0063575909	
0.0029686454	
0.0002735088	
0.0044482844	
0.0005988109	
0.0011671432	
0.0021853855	
0.0005348117	
0.0016119763	
0.0034487220	
0.0086286930	
0.0034872572	
0.0009070539	
0.0007151466	
0.0039964892	
0.0013991764	
0.0054237330	
0.0011749028	
0.0019349076	
0.0086174209	
0.0000000000	
0.0024955722	
0.0010322303	
0.0016022841	
0.0009443065	
0.0046843133	
0.0045108853	
0.0047725926	
0.0009375082	
0.0016265287	
0.0019606269	
0.0006587255	
0.0028967822	
0.0021907593	
0.0015210024	
0.0014284107	
0.0008923519	
0.0000000000	
0.0032105230	
0.0031820467	
0.0018000989	
0.0010639234	
0.0004478600	
0.0030717247	
0.0083650467	
0.0007242668	
0.0025775365	
0.0016778048	
0.0020390653	
0.0000000000	
0.0034181508	
0.0007942044	
0.0021572719	
0.0030654896	
0.0015452615	
0.0013113886	
0.0041053228	
0.0018051903	
0.0000000000	
0.0010509236	
0.0004568187	
0.0007512258	
0.0000000000	
0.0019154134	
0.0026065134	
0.0018310139	
0.0051903803	
0.0006750202	
0.0028522308	
0.0029035015	
0.0028754288	
0.0111554779	
0.0024443121	
0.0000000000	
0.0030589436	
0.0038942643	
0.0024098356	
0.0000000000	
0.0008961228	
0.0012532278	
0.0039989369	
0.0015381994	
0.0006748931	
0.0000000000	
0.0000000000	
0.0029479824	
0.0001470592	
0.0045875164	
0.0090040342	
0.0020205070	
0.0024788958	
0.0006396693	
0.0039601671	
0.0041138061	
0.0033033477	
0.0086235317	
0.0029340139	
0.0019287326	
0.0003208843	
0.0040768710	
0.0015469311	
0.0020608423	
0.0017765762	
0.0010717419	
0.0045974752	
0.0017396549	
0.0025778865	
0.0016725185	
0.0019608899	
0.0022222199	
0.0013970350	
0.0018939721	
0.0008389371	
0.0015291066	
0.0094252021	
0.0049116675	
0.0040074483	
0.0005770703	
0.0000000000	
0.0030666033	
0.0012307399	
0.0000000000	
0.0029343639	
0.0001774066	
0.0045253588	
0.0017143038	
0.0007829831	
0.0020916147	
0.0054291000	
0.0005415719	
0.0027547789	
0.0017048946	
0.0051626849	
0.0002471349	
0.0052468858	
0.0001502823	
0.0022341976	
0.0051672956	
0.0064049784	
0.0041727586	
0.0015977058	
0.0011306383	
0.0020302636	
0.0035399869	
0.0005615982	
0.0000000000	
0.0032070377	
0.0019750233	
0.0036217555	
0.0030930619	
0.0007643687	
0.0008132299	
0.0038232553	
0.0012071583	
0.0005666189	
0.0016213582	
0.0016508385	
0.0011954155	
0.0018388424	
0.0007194264	
0.0059285456	
0.0013846020	
0.0008062927	
0.0027411454	
0.0025071334	
0.0028933914	
0.0004948328	
0.0024348085	
0.0016801219	
0.0019426482	
0.0006726922	
0.0030265349	
0.0020658502	
0.0059623323	
0.0019132622	
0.0026467733	
0.0007554500	
0.0036398766	
0.0000000000	
0.0039815250	
0.0012323606	
0.0012317123	
0.0005182177	
0.0014894562	
0.0041779252	
0.0045383506	
0.0015010457	
0.0023037900	
0.0007413057	
0.0023072381	
0.0009714251	
0.0005020628	
0.0046423248	
0.0026860829	
0.0044119442	
0.0015862861	
0.0012353843	
0.0024116263	
0.0001686911	
0.0026322383	
0.0014060070	
0.0025528621	
0.0028677671	
0.0015187496	
0.0052555142	
0.0016108327	
0.0010224791	
0.0036482039	
0.0018627080	
0.0022906161	
0.0000000000	
0.0033360176	
0.0037239677	
0.0023890564	
0.0043205189	
0.0012970358	
0.0024201056	
0.0010010831	
0.0020139445	
0.0006706442	
0.0000000000	
0.0049970999	
0.0000000000	
0.0033249143	
0.0000000000	
0.0056850547	
0.0016582208	
0.0018356366	
0.0029371854	
0.0004114127	
0.0009817367	
0.0013858737	
0.0018691552	
0.0036132005	
0.0000000000	
0.0020664651	
0.0061125147	
0.0000000000	
0.0010072710	
0.0040945885	
0.0020535578	
0.0065827124	
0.0039018778	
0.0031928716	
0.0000000000	
0.0025008031	
0.0028622749	
0.0015509408	
0.0012273945	
0.0000920128	
0.0008468418	
0.0010306404	
0.0033480016	
0.0037711583	
0.0023120419	
0.0053716051	
0.0040713007	
0.0007558637	
0.0049959400	
0.0041961814	
0.0019914249	
0.0029410154	
0.0002313072	
0.0041026419	
0.0020689665	
0.0052521815	
0.0030206898	
0.0013469761	
0.0009694951	
0.0055308479	
0.0000000000	
0.0038319680	
0.0024384427	
0.0012059105	
0.0061458593	
0.0040191621	
0.0005552117	
0.0023639149	
0.0037573777	
0.0011930013	
0.0036087440	
0.0015647432	
0.0016787797	
0.0023410806	
0.0030804774	
0.0037948290	
0.0017886173	
0.0027356313	
0.0021806315	
0.0030632604	
0.0011284261	
0.0008263474	
0.0003711956	
0.0017774713	
0.0022281439	
0.0024038101	
0.0047204459	
0.0000000000	
0.0041061517	
0.0024142813	
0.0000000000	
0.0050288277	
0.0017498883	
0.0010706581	
0.0065508233	
0.0038693502	
0.0047888146	
0.0018828542	
0.0000000000	
0.0015349090	
0.0018886015	
0.0005074972	
0.0023371554	
0.0000000000	
0.0025348233	
0.0034598191	
0.0000000000	
0.0000000000	
0.0021909367	
0.0069140871	
0.0000000000	
0.0000000000	
0.0004690165	
0.0023627123	
0.0006213042	
0.0000000000	
0.0027214617	
0.0002306705	
0.0022788596	
0.0022129494	
0.0057580354	
0.0035098075	
0.0060921499	
0.0035827807	
0.0021770817	
0.0028301709	
0.0037353877	
0.0048899749	
0.0012144209	
0.0067161225	
0.0010603275	
0.0015460061	
0.0050952122	
0.0019738497	
0.0010272359	
0.0001009224	
0.0022390305	
0.0006553118	
0.0008645531	
0.0000000000	
0.0064363812	
0.0000000000	
0.0020923185	
0.0018262945	
0.0023585776	
0.0002172019	
0.0038036422	
0.0029647184	
0.0027572983	
0.0028168057	
0.0017718865	
0.0000047657	
0.0047925167	
0.0016253162	
0.0012315463	
0.0013806678	
