0.0092346778	
0.0005358859	
0.0015297455	
0.0000079230	
0.0000000000	
0.0060053445	
0.0020826208	
0.0005313958	
0.0042733257	
0.0004481539	
0.0019594183	
0.0001411946	
0.0001117233	
0.0012687382	
0.0000000000	
0.0020908290	
0.0025144601	
0.0008685834	
0.0018151868	
0.0010147655	
0.0021885419	
0.0004712880	
0.0016956402	
0.0013179729	
0.0006069152	
0.0000000000	
0.0000000000	
0.0028587002	
0.0021847460	
0.0017158819	
0.0004480677	
0.0021455846	
0.0029525245	
0.0009129458	
0.0024611324	
0.0000000000	
0.0003234556	
0.0000000000	
0.0033368938	
0.0028224903	
0.0018216069	
0.0028847493	
0.0014926706	
0.0016084187	
0.0000000000	
0.0051072508	
0.0021427044	
0.0028695241	
0.0021985583	
0.0013521506	
0.0001263920	
0.0016914453	
0.0018370447	
0.0013557749	
0.0007358542	
0.0018696754	
0.0038542576	
0.0018281837	
0.0002291741	
0.0038100730	
0.0007134582	
0.0105697737	
0.0000262140	
0.0017896943	
0.0011356556	
0.0005320800	
0.0012643211	
0.0029811044	
0.0039815456	
0.0020391964	
0.0007833537	
0.0006169203	
0.0015066223	
0.0020679580	
0.0024376430	
0.0027773736	
0.0072923521	
0.0031586338	
0.0007260364	
0.0042347065	
0.0008097880	
0.0013661419	
0.0020542021	
0.0002734814	
0.0017025673	
0.0034739613	
0.0090915157	
0.0033174198	
0.0005868880	
0.0006307840	
0.0037942229	
0.0010733151	
0.0053366646	
0.0010883680	
0.0018041088	
0.0100642576	
0.0000130406	
0.0023737040	
0.0007887378	
0.0012596980	
0.0008383100	
0.0048084620	
0.0044798715	
0.0045450559	
0.0008939465	
0.0019217907	
0.0023018498	
0.0008642646	
0.0031528751	
0.0018210663	
0.0014161074	
0.0011289621	
0.0007583438	
0.0000000000	
0.0031161919	
0.0031471838	
0.0014736798	
0.0009233089	
0.0000000000	
0.0032607693	
0.0087382148	
0.0002663518	
0.0030229898	
0.0015257502	
0.0018984792	
0.0000000000	
0.0030183705	
0.0006831111	
0.0021345863	
0.0029477815	
0.0015040362	
0.0013417952	
0.0042491923	
0.0017858075	
0.0002317843	
0.0014224547	
0.0002708783	
0.0006142687	
0.0000000000	
0.0025055185	
0.0024682018	
0.0018099874	
0.0047636871	
0.0008405738	
0.0028365460	
0.0028824922	
0.0025831114	
0.0115633316	
0.0025809845	
0.0000000000	
0.0030809481	
0.0037329272	
0.0023552489	
0.0000000000	
0.0007304777	
0.0010164804	
0.0040559424	
0.0013706580	
0.0005696568	
0.0000000000	
0.0000000000	
0.0028988295	
0.0003179771	
0.0041437422	
0.0091587828	
0.0017636835	
0.0028458258	
0.0002475561	
0.0036459229	
0.0038398242	
0.0033364320	
0.0097640820	
0.0022757622	
0.0016377483	
0.0004346237	
0.0040838085	
0.0017473252	
0.0021725551	
0.0016505326	
0.0009313520	
0.0052262163	
0.0019003976	
0.0029244374	
0.0011484419	
0.0018633096	
0.0025314177	
0.0009640387	
0.0019010730	
0.0004677200	
0.0017968920	
0.0096487388	
0.0049186125	
0.0041323574	
0.0003693082	
0.0000000000	
0.0029277468	
0.0008540552	
0.0000000000	
0.0027262607	
0.0000000000	
0.0046156128	
0.0016162587	
0.0008621199	
0.0017220754	
0.0055401974	
0.0005177907	
0.0026210912	
0.0026058483	
0.0049319756	
0.0000333341	
0.0051541338	
0.0003011328	
0.0015204664	
0.0054660478	
0.0068322870	
0.0040166002	
0.0020754474	
0.0008984939	
0.0021583240	
0.0035328567	
0.0008166544	
0.0000000000	
0.0032156644	
0.0017267568	
0.0039068808	
0.0028836203	
0.0006323936	
0.0006097786	
0.0037317015	
0.0013014202	
0.0004984736	
0.0018157744	
0.0017999052	
0.0014022514	
0.0017819078	
0.0004597687	
0.0059456790	
0.0013433804	
0.0003011704	
0.0027902382	
0.0024039892	
0.0028245020	
0.0003580735	
0.0021005006	
0.0014750374	
0.0013027394	
0.0007702733	
0.0029133097	
0.0020217899	
0.0056897237	
0.0019194818	
0.0027210718	
0.0007034306	
0.0037061985	
0.0000000000	
0.0042042096	
0.0013295390	
0.0012961046	
0.0000691382	
0.0015556794	
0.0043980912	
0.0042717196	
0.0012172936	
0.0024113970	
0.0004570139	
0.0021569129	
0.0009733375	
0.0004641079	
0.0043922238	
0.0026950778	
0.0054341631	
0.0013242631	
0.0021993763	
0.0025506138	
0.0001613228	
0.0026366508	
0.0012938887	
0.0026468621	
0.0030031500	
0.0017071052	
0.0055872266	
0.0013980182	
0.0010409094	
0.0036831664	
0.0024173552	
0.0021564483	
0.0002374737	
0.0032533259	
0.0041305396	
0.0021354858	
0.0046480796	
0.0012693499	
0.0023993390	
0.0008253835	
0.0020745908	
0.0005462518	
0.0000000000	
0.0054095278	
0.0000000000	
0.0036628309	
0.0000000000	
0.0061153713	
0.0018490683	
0.0018098581	
0.0030705015	
0.0011906336	
0.0011690782	
0.0014103423	
0.0017195419	
0.0035783596	
0.0000000000	
0.0022725158	
0.0061547096	
0.0000000000	
0.0010043311	
0.0040959989	
0.0020795411	
0.0058382345	
0.0040305574	
0.0028163277	
0.0000000000	
0.0028281461	
0.0023734132	
0.0017449473	
0.0011554955	
0.0000437197	
0.0008515628	
0.0008532962	
0.0042770799	
0.0041452570	
0.0023168530	
0.0057355491	
0.0040453282	
0.0007160181	
0.0051329505	
0.0046785898	
0.0016770420	
0.0033934864	
0.0000988821	
0.0032174748	
0.0021330532	
0.0053612157	
0.0032384801	
0.0013284898	
0.0007007985	
0.0052736973	
0.0000000000	
0.0037214949	
0.0025813667	
0.0009897892	
0.0061453474	
0.0040197522	
0.0003460090	
0.0022605644	
0.0037572906	
0.0019429555	
0.0035584561	
0.0014146571	
0.0016328442	
0.0026820939	
0.0031916027	
0.0038411437	
0.0018191090	
0.0028883430	
0.0022020327	
0.0032688555	
0.0014977783	
0.0006830195	
0.0002194676	
0.0021518606	
0.0027439752	
0.0024332401	
0.0049866584	
0.0000000000	
0.0041179768	
0.0025645740	
0.0001125067	
0.0052867570	
0.0015919390	
0.0006380129	
0.0068250255	
0.0040984763	
0.0048743752	
0.0022544833	
0.0002072485	
0.0015013004	
0.0013823910	
0.0002433003	
0.0023900187	
0.0000000000	
0.0022982192	
0.0034335537	
0.0000000000	
0.0000000000	
0.0022770367	
0.0065288360	
0.0000000000	
0.0000000000	
0.0002196467	
0.0028346458	
0.0004784185	
0.0000000000	
0.0027101202	
0.0002782104	
0.0023741517	
0.0019624728	
0.0057724317	
0.0032121593	
0.0054343063	
0.0036543438	
0.0022462528	
0.0023402384	
0.0033257589	
0.0051220364	
0.0011451503	
0.0064309075	
0.0005960984	
0.0016568544	
0.0057924046	
0.0017425673	
0.0009974387	
0.0003282652	
0.0019939275	
0.0003663116	
0.0012946449	
0.0000000000	
0.0062208179	
0.0000000000	
0.0020386667	
0.0025560230	
0.0021755946	
0.0005412904	
0.0036759132	
0.0027817191	
0.0030346478	
0.0025908941	
0.0013398236	
0.0000000000	
0.0045226600	
0.0013063396	
0.0011373105	
0.0013349925	
