0.0105237703	
0.0000000000	
0.0009614765	
0.0000000000	
0.0000000000	
0.0075202148	
0.0014696860	
0.0001867755	
0.0056971990	
0.0002852528	
0.0015159289	
0.0000000000	
0.0000000000	
0.0010824946	
0.0000000000	
0.0018224361	
0.0032519334	
0.0000000000	
0.0014800849	
0.0000000000	
0.0014704137	
0.0005116152	
0.0005009656	
0.0015939815	
0.0009284638	
0.0000000000	
-0.0000000000	
0.0031351929	
0.0022632374	
0.0006991624	
0.0000000000	
0.0014248170	
0.0033485663	
0.0003542551	
0.0019812152	
0.0000000000	
0.0002956002	
0.0000000000	
0.0041340521	
0.0011656970	
0.0013004536	
0.0028085170	
0.0016661183	
0.0016484949	
0.0000000000	
0.0061191892	
0.0011292367	
0.0024480126	
0.0020003669	
0.0008540058	
0.0000000000	
0.0009137338	
0.0030494182	
0.0003899921	
0.0000000000	
0.0014540349	
0.0043378433	
0.0016276426	
0.0000000000	
0.0037326755	
0.0003136657	
0.0123441750	
0.0000224002	
0.0007561727	
0.0008771328	
0.0000000000	
0.0009231129	
0.0011365675	
0.0046288457	
0.0019388237	
0.0003608691	
0.0000000000	
0.0016148196	
0.0021166313	
0.0033915879	
0.0024318242	
0.0085504685	
0.0023036815	
0.0007493189	
0.0047909003	
0.0006087283	
0.0009120441	
0.0018015455	
0.0000000000	
0.0021342165	
0.0033640951	
0.0127442267	
0.0033917943	
0.0001481779	
0.0004513387	
0.0044665088	
0.0009054050	
0.0070271153	
0.0007845173	
0.0015856534	
0.0081133394	
0.0000000000	
0.0015067969	
0.0000519917	
0.0015183123	
0.0006258449	
0.0061086428	
0.0055119574	
0.0049814453	
0.0006332296	
0.0006388945	
0.0028165810	
0.0001044227	
0.0034116277	
0.0015900215	
0.0019687933	
0.0010378339	
0.0004387735	
0.0000000000	
0.0032260144	
0.0029902992	
0.0016723621	
0.0011050819	
0.0000475851	
0.0031542039	
0.0084120434	
0.0000030364	
0.0038555365	
0.0013365949	
0.0022379050	
0.0000000000	
0.0035901478	
0.0000000000	
0.0021575061	
0.0032850936	
0.0003434659	
0.0008475592	
0.0050239351	
0.0015888351	
0.0000000000	
0.0013231275	
0.0000033147	
0.0010752157	
0.0000000000	
0.0012119585	
0.0025359581	
0.0024804834	
0.0049809540	
0.0000644180	
0.0030808596	
0.0030827255	
0.0034130416	
0.0131112100	
0.0020796268	
0.0000000000	
0.0019514272	
0.0047449455	
0.0036052292	
0.0000000000	
0.0000000000	
0.0002071954	
0.0037244224	
0.0014853609	
0.0007018826	
0.0000000000	
0.0000000000	
0.0030221958	
0.0000000000	
0.0054069790	
0.0116716190	
0.0013939111	
0.0016223988	
0.0000717323	
0.0038117761	
0.0048838091	
0.0019461074	
0.0132036439	
0.0027345022	
0.0018348767	
0.0000000000	
0.0039311442	
0.0016438854	
0.0001275563	
0.0028621370	
0.0005055082	
0.0044849182	
0.0016318171	
0.0035542587	
0.0033524318	
0.0016052007	
0.0021728073	
0.0015763659	
0.0018193315	
0.0000000000	
0.0018067366	
0.0108781073	
0.0051300409	
0.0031069937	
0.0007550317	
0.0000000000	
0.0037299196	
0.0007138331	
0.0000000000	
0.0029047200	
0.0000000000	
0.0040844377	
0.0014879502	
0.0003515166	
0.0013934646	
0.0069125284	
0.0000000000	
0.0029400313	
0.0000000000	
0.0053986469	
0.0000000000	
0.0054566652	
0.0000000000	
0.0017447781	
0.0053623075	
0.0082113273	
0.0048208542	
0.0025753077	
0.0013631082	
0.0028951715	
0.0034188815	
0.0002597841	
0.0000000000	
0.0036019707	
0.0017254802	
0.0046926153	
0.0036764942	
0.0008373841	
0.0000598522	
0.0049640266	
0.0000000000	
0.0000000000	
0.0018820213	
0.0003443002	
0.0017538712	
0.0024818941	
0.0004345155	
0.0071557680	
0.0017269292	
0.0000000000	
0.0029887147	
0.0021774236	
0.0033109471	
0.0000000000	
0.0024085707	
0.0010194805	
0.0020113368	
0.0007972461	
0.0033245068	
0.0023690696	
0.0064990334	
0.0013478571	
0.0032644918	
0.0000000000	
0.0029169211	
0.0000000000	
0.0031365366	
0.0010543270	
0.0008126058	
0.0002445005	
0.0008557013	
0.0032592963	
0.0062644977	
0.0004984853	
0.0022586330	
0.0000000000	
0.0028860047	
0.0003892039	
0.0000000000	
0.0050417178	
0.0024133069	
0.0057560729	
0.0006516884	
0.0027888522	
0.0020673828	
0.0014206274	
0.0029726888	
0.0008890931	
0.0033243563	
0.0017322835	
0.0016237840	
0.0065949688	
0.0019155354	
0.0002565520	
0.0034667382	
0.0022402059	
0.0017336511	
0.0000000000	
0.0030870877	
0.0044529050	
0.0022865058	
0.0039397415	
0.0009533959	
0.0028082677	
0.0002472643	
0.0015039318	
0.0002551931	
0.0000000000	
0.0042079811	
0.0000000000	
0.0036157967	
0.0000000000	
0.0078790841	
0.0006632450	
0.0015053811	
0.0019476474	
0.0000000000	
0.0007438132	
0.0001268570	
0.0016897325	
0.0038868923	
-0.0000000000	
0.0016118709	
0.0062380322	
0.0000000000	
0.0000000000	
0.0048171473	
0.0016223369	
0.0048641179	
0.0047300056	
0.0042160046	
0.0000000000	
0.0027851188	
0.0016684908	
0.0021658854	
0.0008430658	
0.0000000000	
0.0003542422	
0.0002197112	
0.0027289427	
0.0020398966	
0.0024499849	
0.0064229968	
0.0030565784	
0.0007081862	
0.0075563916	
0.0043387588	
0.0015375122	
0.0038429453	
0.0000000000	
0.0034733102	
0.0036174797	
0.0063649663	
0.0029161889	
0.0008690995	
0.0016798796	
0.0050203366	
0.0000000000	
0.0032706683	
0.0030587059	
0.0004782353	
0.0087787755	
0.0038774103	
0.0000000000	
0.0012724023	
0.0045451763	
0.0010123310	
0.0031880818	
0.0011822165	
0.0015551751	
0.0025553206	
0.0012522253	
0.0039151603	
0.0007348949	
0.0034523425	
0.0030641172	
0.0029887809	
0.0000000000	
0.0009386495	
0.0000255354	
0.0002856462	
0.0030976224	
0.0036312586	
0.0051917283	
0.0000000000	
0.0050877560	
0.0025527787	
0.0000000000	
0.0060388148	
0.0016645066	
0.0006725374	
0.0078022871	
0.0044709107	
0.0053258405	
0.0000001242	
0.0000000000	
0.0012033020	
0.0007865163	
0.0000000000	
0.0027165118	
0.0000000000	
0.0034929457	
0.0018312465	
0.0000000000	
0.0000000000	
0.0027840181	
0.0077549160	
0.0000000000	
0.0000000000	
0.0000000000	
0.0039519492	
0.0000000000	
0.0000000000	
0.0040797453	
0.0008379458	
0.0027658880	
0.0019991511	
0.0078192684	
0.0035115604	
0.0059535774	
0.0041944464	
0.0023007694	
0.0046199350	
0.0026220958	
0.0045004372	
0.0007239650	
0.0089090277	
0.0006395555	
0.0009433650	
0.0039342323	
0.0021612770	
0.0007967943	
0.0001233018	
0.0028899265	
0.0000276762	
0.0009429099	
0.0000000000	
0.0064661623	
0.0000000000	
0.0008123904	
0.0036189255	
0.0028523294	
0.0000000000	
0.0033926588	
0.0028539771	
0.0040097071	
0.0035302459	
0.0023479205	
0.0000000000	
0.0057645061	
0.0005962984	
0.0014874489	
0.0005662134	
