0.0076718092	
0.0004666068	
0.0011405746	
0.0004611769	
0.0000000000	
0.0058187896	
0.0021398167	
0.0001811142	
0.0044879115	
0.0002575254	
0.0016375766	
0.0001375640	
0.0000441247	
0.0008472977	
0.0000000000	
0.0015928983	
0.0025539698	
0.0012929263	
0.0025079873	
0.0002302027	
0.0011501712	
0.0004651343	
0.0021998871	
0.0015045284	
0.0004576953	
0.0002383005	
0.0000000000	
0.0048803111	
0.0020086948	
0.0018164375	
0.0011128676	
0.0025281142	
0.0021391537	
0.0011709715	
0.0043835479	
0.0000000000	
0.0007954200	
0.0011398263	
0.0031945267	
0.0025532433	
0.0019632438	
0.0027794498	
0.0020896192	
0.0016059469	
0.0000000000	
0.0055080026	
0.0017005727	
0.0024520040	
0.0021700131	
0.0019893078	
0.0001238689	
0.0014624599	
0.0016662013	
0.0012262654	
0.0011516698	
0.0019047713	
0.0041240709	
0.0017779751	
0.0005713555	
0.0032346436	
0.0008093846	
0.0099153526	
0.0009705258	
0.0019988287	
0.0010335093	
0.0007967464	
0.0012846368	
0.0041964185	
0.0038551192	
0.0019832117	
0.0003981263	
0.0014938055	
0.0018185635	
0.0028608014	
0.0022535707	
0.0017082515	
0.0067077759	
0.0030015664	
0.0011526055	
0.0031478791	
0.0000625413	
0.0021490492	
0.0019026160	
0.0006321316	
0.0017011345	
0.0024168085	
0.0110925659	
0.0028493945	
0.0000000000	
0.0010170019	
0.0035892286	
0.0011090090	
0.0047874799	
0.0014555536	
0.0017035502	
0.0106045732	
0.0003093357	
0.0027014539	
0.0009295797	
0.0012686031	
0.0010603879	
0.0042972157	
0.0048717794	
0.0043691517	
0.0016438337	
0.0018726113	
0.0027583507	
0.0011492944	
0.0028895241	
0.0021802471	
0.0013132038	
0.0019845084	
0.0016662001	
0.0004862106	
0.0036933591	
0.0039071873	
0.0017874160	
0.0011699192	
0.0000000000	
0.0024610405	
0.0085488893	
0.0003610170	
0.0025390232	
0.0020755619	
0.0017327473	
0.0000000000	
0.0036574755	
0.0009869995	
0.0021819957	
0.0023373094	
0.0023625787	
0.0023517346	
0.0039912574	
0.0019735287	
0.0004770320	
0.0020316668	
0.0002605136	
0.0000568711	
0.0011606414	
0.0036523833	
0.0029903985	
0.0017907926	
0.0045236772	
0.0034184757	
0.0019582678	
0.0026917538	
0.0026891385	
0.0100682886	
0.0031550615	
0.0000000000	
0.0033296052	
0.0039631948	
0.0021668566	
0.0000000000	
0.0011927573	
0.0016044986	
0.0041775357	
0.0018510910	
0.0004317660	
0.0005552890	
0.0005337128	
0.0020258865	
0.0001866221	
0.0038253610	
0.0082416048	
0.0020721719	
0.0023366526	
0.0000889703	
0.0032880536	
0.0030182590	
0.0028140287	
0.0107893196	
0.0024229709	
0.0013038985	
0.0006830893	
0.0038402938	
0.0015083281	
0.0028511290	
0.0019240123	
0.0008156658	
0.0047212054	
0.0023533473	
0.0027114020	
0.0014970283	
0.0028109174	
0.0020406001	
0.0008139315	
0.0019488772	
0.0000000000	
0.0021267606	
0.0071397441	
0.0054815216	
0.0034619640	
0.0004819279	
0.0000741451	
0.0024354040	
0.0005147018	
0.0004574784	
0.0031958489	
0.0000000000	
0.0037776294	
0.0013133216	
0.0009585442	
0.0026965953	
0.0062536891	
0.0005221628	
0.0020569835	
0.0031455102	
0.0043731714	
0.0000485779	
0.0046776510	
0.0000000000	
0.0020027631	
0.0050184867	
0.0059428685	
0.0033625913	
0.0024037387	
0.0011334364	
0.0020436978	
0.0033240216	
0.0011454590	
0.0004137788	
0.0027851641	
0.0015349307	
0.0040635367	
0.0017954531	
0.0000000000	
0.0006752977	
0.0037248299	
0.0012436886	
0.0006684493	
0.0020501631	
0.0026618800	
0.0021274268	
0.0015565755	
0.0004414553	
0.0053535152	
0.0009565413	
0.0001036644	
0.0029384641	
0.0019864600	
0.0023925421	
0.0000000000	
0.0014720739	
0.0012454957	
0.0000000000	
0.0006878603	
0.0024231591	
0.0015266624	
0.0060783350	
0.0014413841	
0.0025669976	
0.0012615408	
0.0030678486	
0.0000000000	
0.0047161132	
0.0015421616	
0.0009626068	
0.0000000000	
0.0018585207	
0.0031123722	
0.0030738036	
0.0012643302	
0.0025262129	
0.0009174476	
0.0015164237	
0.0021204847	
0.0005170223	
0.0041399732	
0.0027801466	
0.0053051109	
0.0020032491	
0.0030149722	
0.0022531432	
0.0001959483	
0.0018353466	
0.0014543267	
0.0025622580	
0.0029764773	
0.0020309006	
0.0043635335	
0.0013120059	
0.0012844610	
0.0037939366	
0.0021566822	
0.0024781625	
0.0000000000	
0.0030275799	
0.0026056263	
0.0019658340	
0.0022095480	
0.0016781449	
0.0022237535	
0.0008584540	
0.0043624822	
0.0010812147	
0.0000000000	
0.0050384926	
0.0000000000	
0.0035059517	
0.0000000000	
0.0056980157	
0.0023224605	
0.0022236735	
0.0035281762	
0.0015768643	
0.0008690402	
0.0011565734	
0.0011916963	
0.0029583044	
0.0002934091	
0.0017752978	
0.0049357462	
0.0003913039	
0.0009193495	
0.0034684787	
0.0021235031	
0.0065061175	
0.0036101111	
0.0017822272	
0.0001540674	
0.0031750368	
0.0032365131	
0.0022580246	
0.0017039859	
0.0002350167	
0.0017563002	
0.0001311838	
0.0049114271	
0.0048379945	
0.0032247399	
0.0062767893	
0.0040029666	
0.0010320021	
0.0050658313	
0.0044830991	
0.0013962455	
0.0037365472	
0.0005587664	
0.0042175589	
0.0022261487	
0.0045045216	
0.0031220353	
0.0018115708	
0.0006337168	
0.0050853286	
0.0000000000	
0.0030200030	
0.0026131252	
0.0008927273	
0.0045769566	
0.0034621555	
0.0000445087	
0.0032157577	
0.0033330321	
0.0020438944	
0.0033022899	
0.0008844252	
0.0015941294	
0.0019792567	
0.0021137193	
0.0040583530	
0.0009651983	
0.0019313933	
0.0013996127	
0.0028364214	
0.0016195379	
0.0003594406	
0.0009218292	
0.0025502374	
0.0033119686	
0.0023964972	
0.0047703275	
0.0005940821	
0.0038586842	
0.0031678523	
0.0002298090	
0.0052783226	
0.0009875785	
0.0007195414	
0.0051404564	
0.0035420336	
0.0046660104	
0.0024612362	
0.0017038794	
0.0016232228	
0.0011152105	
0.0000018636	
0.0020139068	
0.0000000000	
0.0020624744	
0.0036008110	
0.0002408728	
0.0005292000	
0.0032399547	
0.0055465753	
0.0000000000	
0.0005210242	
0.0005843202	
0.0014906838	
0.0008694454	
0.0014366889	
0.0036573829	
0.0000000000	
0.0023161350	
0.0015638154	
0.0060618931	
0.0037062542	
0.0057967187	
0.0030576665	
0.0014103068	
0.0017930616	
0.0037643111	
0.0036353876	
0.0014178806	
0.0059146119	
0.0000000000	
0.0019787492	
0.0068131181	
0.0021098312	
0.0009034903	
0.0010362226	
0.0017545531	
0.0000000000	
0.0016959723	
0.0000000000	
0.0058929402	
0.0000000000	
0.0033034369	
0.0011888365	
0.0017173263	
0.0006108628	
0.0037656152	
0.0024153980	
0.0014565935	
0.0024782488	
0.0023637836	
0.0000000000	
0.0044526599	
0.0017358921	
0.0014295299	
0.0021255321	
