0.0074367512	
0.0004668605	
0.0011536431	
0.0004512302	
0.0000000000	
0.0060212193	
0.0021278463	
0.0002349194	
0.0044517529	
0.0002959138	
0.0016869638	
0.0000607837	
0.0001083869	
0.0008752073	
0.0000000000	
0.0016374607	
0.0024885929	
0.0012785979	
0.0024266075	
0.0002960206	
0.0012487100	
0.0004797510	
0.0021393072	
0.0015441792	
0.0003597200	
0.0004459108	
0.0000000000	
0.0046649114	
0.0019099284	
0.0017322062	
0.0011849755	
0.0024637126	
0.0021221508	
0.0012686018	
0.0043254318	
0.0000000000	
0.0007704631	
0.0010364514	
0.0032552052	
0.0025470652	
0.0020262195	
0.0027628594	
0.0020424925	
0.0016879507	
0.0000000000	
0.0054907876	
0.0017591643	
0.0024907061	
0.0020688195	
0.0020059041	
0.0000428583	
0.0014718701	
0.0016610456	
0.0011891821	
0.0011541546	
0.0018199649	
0.0041314369	
0.0018127797	
0.0004237515	
0.0032248986	
0.0007744521	
0.0100980730	
0.0008660776	
0.0019769554	
0.0010172072	
0.0007205118	
0.0012999662	
0.0042414853	
0.0039539090	
0.0019700795	
0.0004778173	
0.0013276796	
0.0018547635	
0.0029734969	
0.0022857729	
0.0017613905	
0.0068939647	
0.0032151985	
0.0012105662	
0.0032091205	
0.0002257410	
0.0021789959	
0.0018192848	
0.0006516422	
0.0017467366	
0.0024256343	
0.0108883473	
0.0029193106	
0.0000014101	
0.0009492705	
0.0034996385	
0.0011751947	
0.0048957276	
0.0013526488	
0.0017102169	
0.0107809487	
0.0002589037	
0.0024694872	
0.0008648328	
0.0012264036	
0.0010558627	
0.0043794110	
0.0049312097	
0.0042913558	
0.0017706343	
0.0018367178	
0.0029272251	
0.0011227331	
0.0029115725	
0.0018466231	
0.0014086462	
0.0019105348	
0.0017360188	
0.0005682410	
0.0033808926	
0.0038122194	
0.0016511277	
0.0011591780	
0.0000000000	
0.0025387396	
0.0085240418	
0.0003782084	
0.0025287870	
0.0021064298	
0.0017397752	
0.0000000000	
0.0036753000	
0.0009383065	
0.0022564987	
0.0024100441	
0.0022321297	
0.0023621172	
0.0040089164	
0.0020134784	
0.0006130632	
0.0020387540	
0.0002112582	
0.0000630353	
0.0009760561	
0.0037772607	
0.0028646953	
0.0018896995	
0.0041919971	
0.0034282048	
0.0018845768	
0.0025669751	
0.0026811626	
0.0101317003	
0.0031520411	
0.0000000000	
0.0032828150	
0.0039077660	
0.0022540111	
0.0000000000	
0.0012124597	
0.0015393844	
0.0042310242	
0.0018296001	
0.0003600741	
0.0004633206	
0.0004388828	
0.0019626004	
0.0001982169	
0.0037839832	
0.0082971824	
0.0021579415	
0.0022316236	
0.0000632500	
0.0032868737	
0.0031449445	
0.0027649527	
0.0106596712	
0.0024069248	
0.0012436336	
0.0004865496	
0.0038056798	
0.0014912780	
0.0028511970	
0.0019230544	
0.0009295593	
0.0045927724	
0.0022795774	
0.0026789234	
0.0013990724	
0.0028654855	
0.0020962941	
0.0009492357	
0.0019981735	
0.0000000000	
0.0021219101	
0.0075136434	
0.0055341810	
0.0035225451	
0.0005116456	
0.0000000000	
0.0024048568	
0.0006055100	
0.0002281239	
0.0030115731	
0.0000000000	
0.0037457505	
0.0013598275	
0.0010275480	
0.0029104177	
0.0061526546	
0.0005561441	
0.0020663436	
0.0028388765	
0.0044686746	
0.0000562460	
0.0048404731	
0.0000000000	
0.0020456731	
0.0051259261	
0.0059769383	
0.0033609666	
0.0024263528	
0.0009164768	
0.0021814389	
0.0032005062	
0.0011095596	
0.0004361228	
0.0028249895	
0.0016759321	
0.0040942526	
0.0017109566	
0.0000000000	
0.0007291664	
0.0037291777	
0.0012224285	
0.0006833236	
0.0019618892	
0.0025973268	
0.0020226850	
0.0014767468	
0.0004947123	
0.0053724948	
0.0009524098	
0.0001550495	
0.0030121814	
0.0018875342	
0.0023567389	
0.0000000000	
0.0014269055	
0.0012112065	
0.0000000000	
0.0006846381	
0.0024869963	
0.0014980874	
0.0058911889	
0.0013125333	
0.0025308831	
0.0012379719	
0.0031079268	
0.0000000000	
0.0047415270	
0.0014773860	
0.0009009521	
0.0000000000	
0.0018483908	
0.0032342039	
0.0030227717	
0.0013552186	
0.0025158490	
0.0010125031	
0.0015796225	
0.0021454042	
0.0003667139	
0.0043513648	
0.0029432908	
0.0050902973	
0.0020190618	
0.0031664656	
0.0022264888	
0.0000000000	
0.0017980550	
0.0014994818	
0.0022790047	
0.0029951460	
0.0019885554	
0.0044380764	
0.0014017056	
0.0014467521	
0.0038295459	
0.0020217669	
0.0024572563	
0.0000000000	
0.0031090408	
0.0024555762	
0.0020272468	
0.0026067356	
0.0016699839	
0.0021855452	
0.0008827824	
0.0042437657	
0.0011319179	
0.0000000000	
0.0052358606	
0.0000000000	
0.0035255342	
0.0000000000	
0.0055660787	
0.0021489229	
0.0022305570	
0.0035079144	
0.0014481689	
0.0008691209	
0.0012544246	
0.0012209257	
0.0029953531	
0.0003703229	
0.0017703680	
0.0050205556	
0.0004466939	
0.0012232905	
0.0035821479	
0.0019944202	
0.0065477455	
0.0036140342	
0.0017098269	
0.0001654842	
0.0032605299	
0.0033612987	
0.0021584117	
0.0016455337	
0.0002661250	
0.0019461746	
0.0002077397	
0.0051398386	
0.0048659598	
0.0028733950	
0.0065583871	
0.0038119196	
0.0009568058	
0.0051683687	
0.0045850315	
0.0014709614	
0.0036805496	
0.0004076877	
0.0044116722	
0.0023390229	
0.0042301132	
0.0031471868	
0.0016199893	
0.0007029681	
0.0050445831	
0.0000000000	
0.0030865345	
0.0026955446	
0.0009561505	
0.0046171269	
0.0032457322	
0.0001116266	
0.0031736776	
0.0033678944	
0.0021174403	
0.0030986788	
0.0007391202	
0.0016459394	
0.0022346847	
0.0026843422	
0.0040546768	
0.0010696799	
0.0018970898	
0.0011348236	
0.0028413005	
0.0015365576	
0.0004426753	
0.0009413656	
0.0024407774	
0.0033361868	
0.0024397261	
0.0046568896	
0.0005973695	
0.0037697973	
0.0032294361	
0.0000908713	
0.0052980712	
0.0010942697	
0.0006746694	
0.0052362619	
0.0036975830	
0.0047669613	
0.0023276531	
0.0017248369	
0.0016848398	
0.0009022708	
0.0000470890	
0.0019446337	
0.0000000000	
0.0019583115	
0.0031367467	
0.0003254373	
0.0006087063	
0.0027885007	
0.0055728974	
0.0000000000	
0.0004617981	
0.0005562287	
0.0015215021	
0.0007798381	
0.0013418665	
0.0032838274	
0.0000000000	
0.0023648734	
0.0015987526	
0.0062889046	
0.0039054542	
0.0060317712	
0.0035013946	
0.0014917833	
0.0016312517	
0.0037074610	
0.0037056182	
0.0012717223	
0.0062183483	
0.0000174706	
0.0019243572	
0.0067515250	
0.0021216033	
0.0009172904	
0.0008958082	
0.0019140791	
0.0000000000	
0.0017517589	
0.0000000000	
0.0061029657	
0.0000000000	
0.0029056161	
0.0010957860	
0.0019276973	
0.0007605674	
0.0037501230	
0.0025113222	
0.0013921241	
0.0026420645	
0.0023057501	
0.0000000000	
0.0047203281	
0.0016831849	
0.0014505042	
0.0019889297	
