0.0060055596	
0.0012136383	
0.0010012563	
0.0009944746	
0.0003143005	
0.0052000743	
0.0022284897	
0.0008104590	
0.0038807011	
0.0007643749	
0.0020321533	
0.0007580890	
0.0006138933	
0.0012889003	
0.0007679190	
0.0010925509	
0.0022416365	
0.0021656794	
0.0026452574	
0.0010027199	
0.0011937299	
0.0012152536	
0.0023171673	
0.0017299031	
0.0011775867	
0.0010640985	
0.0000000000	
0.0043298419	
0.0024750367	
0.0024935191	
0.0019463025	
0.0028253187	
0.0020578403	
0.0018609226	
0.0041151415	
0.0010806974	
0.0013116690	
0.0018344922	
0.0024535300	
0.0029622528	
0.0021420912	
0.0030746376	
0.0021258231	
0.0015103601	
0.0010289185	
0.0050131389	
0.0014085154	
0.0026241528	
0.0027088577	
0.0023852925	
0.0008029238	
0.0019692480	
0.0020675880	
0.0015953112	
0.0021123022	
0.0021452607	
0.0032537915	
0.0018516700	
0.0013730278	
0.0030435193	
0.0014940175	
0.0072005220	
0.0015427303	
0.0018696387	
0.0011345257	
0.0010469758	
0.0016362840	
0.0035252884	
0.0032999612	
0.0020697486	
0.0011245187	
0.0018867357	
0.0020931711	
0.0027393674	
0.0020110672	
0.0017786114	
0.0054656862	
0.0030808486	
0.0016717153	
0.0023659776	
0.0013039951	
0.0024430286	
0.0012152671	
0.0012338636	
0.0018421860	
0.0018792982	
0.0088980092	
0.0028935211	
0.0007723672	
0.0015554920	
0.0031827505	
0.0016023948	
0.0041231147	
0.0020563713	
0.0019940386	
0.0084533879	
0.0011956619	
0.0031151524	
0.0015671963	
0.0016570274	
0.0017583037	
0.0039184852	
0.0034382019	
0.0032760588	
0.0019572290	
0.0019766172	
0.0028489195	
0.0014946772	
0.0025984236	
0.0026070970	
0.0011549385	
0.0026446890	
0.0023273273	
0.0010455066	
0.0038228691	
0.0034366383	
0.0020564902	
0.0018347672	
0.0002708465	
0.0024720653	
0.0064049786	
0.0011594215	
0.0027901951	
0.0021296378	
0.0021306063	
0.0009047815	
0.0023288755	
0.0015416972	
0.0019829347	
0.0020067198	
0.0019827724	
0.0022444859	
0.0034585186	
0.0016867034	
0.0013404581	
0.0020712038	
0.0009499522	
0.0010491228	
0.0021938044	
0.0033491632	
0.0028028213	
0.0019965582	
0.0042745394	
0.0035545151	
0.0023018812	
0.0026674014	
0.0023196139	
0.0083250916	
0.0031885791	
0.0006757200	
0.0031121620	
0.0037489520	
0.0020982863	
0.0000000000	
0.0017986800	
0.0020907193	
0.0041586515	
0.0020095600	
0.0012883518	
0.0011821824	
0.0008028796	
0.0023731532	
0.0008712929	
0.0031337023	
0.0062454529	
0.0025036508	
0.0027782280	
0.0009140195	
0.0023915866	
0.0026110772	
0.0026702539	
0.0080705850	
0.0019853424	
0.0016956672	
0.0011330308	
0.0036288733	
0.0016703911	
0.0022080053	
0.0016933592	
0.0014973514	
0.0043100378	
0.0027864346	
0.0020971214	
0.0014719954	
0.0027655783	
0.0020330496	
0.0014908435	
0.0022028603	
0.0008812640	
0.0025047373	
0.0058832104	
0.0035697773	
0.0035565280	
0.0012245234	
0.0018082432	
0.0023462231	
0.0013328755	
0.0010879254	
0.0033432340	
0.0011013379	
0.0037385780	
0.0017908909	
0.0013828182	
0.0026171380	
0.0057780958	
0.0011797885	
0.0020665625	
0.0029011188	
0.0038618287	
0.0009647637	
0.0042420900	
0.0009809417	
0.0015939710	
0.0042578157	
0.0042876016	
0.0037618172	
0.0027319663	
0.0016158566	
0.0019886186	
0.0030948112	
0.0016192981	
0.0011101249	
0.0023954793	
0.0019334485	
0.0034751053	
0.0009279411	
0.0003178893	
0.0013471383	
0.0024589622	
0.0015033737	
0.0012015790	
0.0023370705	
0.0028146079	
0.0029143902	
0.0017020894	
0.0014197725	
0.0047121490	
0.0016346359	
0.0009500596	
0.0028115087	
0.0023440130	
0.0024582126	
0.0002632959	
0.0016464537	
0.0017527572	
0.0000000000	
0.0014364499	
0.0020844047	
0.0019035708	
0.0038754905	
0.0019019135	
0.0023317592	
0.0013143021	
0.0025441626	
0.0000000000	
0.0038637230	
0.0021569991	
0.0015904366	
0.0005030415	
0.0024588289	
0.0024585372	
0.0010064760	
0.0015659500	
0.0026370776	
0.0012419763	
0.0015386740	
0.0026884603	
0.0010304751	
0.0024228894	
0.0024296277	
0.0052945606	
0.0009977905	
0.0029717896	
0.0020723939	
0.0011308288	
0.0011482704	
0.0016377697	
0.0026541413	
0.0027313644	
0.0022706670	
0.0041161754	
0.0017488700	
0.0022205029	
0.0032763621	
0.0021646785	
0.0025336345	
0.0005870516	
0.0030731482	
0.0026524253	
0.0023193554	
0.0017622597	
0.0020649616	
0.0019671559	
0.0015052952	
0.0028873703	
0.0019716639	
0.0003943810	
0.0044903416	
0.0003703141	
0.0035957429	
0.0002646629	
0.0046556478	
0.0026932115	
0.0016882670	
0.0035778870	
0.0014899161	
0.0014296065	
0.0011870768	
0.0017863721	
0.0029224572	
0.0014883153	
0.0011578481	
0.0030340353	
0.0009433160	
0.0012493026	
0.0029154622	
0.0023087202	
0.0043469717	
0.0035940133	
0.0021141423	
0.0010007025	
0.0025878658	
0.0024133428	
0.0022665170	
0.0020547835	
0.0007317183	
0.0015376744	
0.0011538261	
0.0038924420	
0.0047555078	
0.0034936652	
0.0047540396	
0.0035368937	
0.0016647911	
0.0044171002	
0.0031993073	
0.0013615917	
0.0029640013	
0.0015959625	
0.0037428513	
0.0026907277	
0.0044155899	
0.0027878624	
0.0020233802	
0.0013084688	
0.0038499851	
0.0005085989	
0.0015262800	
0.0029263299	
0.0012217410	
0.0034010105	
0.0031303919	
0.0009403677	
0.0030998473	
0.0032499121	
0.0021656436	
0.0027501513	
0.0016188698	
0.0022645255	
0.0023331147	
0.0019924891	
0.0033917230	
0.0014147080	
0.0025157787	
0.0017539639	
0.0020486859	
0.0015113919	
0.0010278344	
0.0012826969	
0.0028122704	
0.0029760410	
0.0016786030	
0.0036350211	
0.0018883791	
0.0032534153	
0.0032821509	
0.0014869684	
0.0028603770	
0.0012485286	
0.0015436035	
0.0042807125	
0.0023466017	
0.0030306090	
0.0028889969	
0.0018266576	
0.0020740291	
0.0015677091	
0.0010079320	
0.0023486924	
0.0009403766	
0.0026000266	
0.0039844263	
0.0008138587	
0.0014884526	
0.0029502231	
0.0034753034	
0.0000000000	
0.0013212062	
0.0016428333	
0.0015321330	
0.0015732732	
0.0017903616	
0.0037518182	
0.0004873450	
0.0022501957	
0.0017936911	
0.0039805482	
0.0034303906	
0.0036127699	
0.0023455351	
0.0014441769	
0.0018755677	
0.0023266721	
0.0026798195	
0.0019272108	
0.0031598615	
0.0010828893	
0.0021525993	
0.0045974547	
0.0022966182	
0.0013869538	
0.0013612296	
0.0008694683	
0.0008451079	
0.0019833813	
0.0000000000	
0.0032665794	
0.0007565606	
0.0029875350	
0.0000392013	
0.0018095773	
0.0011708080	
0.0033022790	
0.0006104625	
0.0006361256	
0.0021145986	
0.0015880922	
0.0010286947	
0.0031394274	
0.0018741064	
0.0017659715	
0.0018695647	
