0.0000000000	
0.0000000000	
0.0294402265	
0.0000000000	
0.0000000000	
0.0000000000	
0.0000000000	
0.0000000000	
0.0000000000	
0.0000000000	
0.0000000000	
0.0000000000	
0.0651441183	
0.0000000356	
0.0000000000	
0.0000000000	
0.0015433977	
0.0048235647	
0.0000000000	
0.0441615060	
0.0000000000	
0.0000000000	
0.0000000000	
0.0287034492	
0.0000000000	
0.0442570453	
0.0000000000	
0.0000000000	
0.0804477109	
0.0000000000	
0.0156089390	
0.0000000000	
0.0000000000	
0.0000000000	
0.0000000000	
0.0000000000	
0.0000000000	
0.1148332715	
0.0000000000	
0.0589670378	
0.0015066463	
0.0000000000	
0.0000000000	
0.0000000000	
0.0000000000	
0.0000000000	
0.0000000000	
0.0000000000	
0.0017975458	
0.0000000000	
0.0526913008	
0.0000000000	
0.0000000556	
0.0000000000	
0.0000000000	
0.0000000000	
0.0000000000	
0.0000000000	
0.0000000000	
0.0000000000	
0.0000000000	
0.0000000000	
0.0000000000	
0.0000000000	
0.0000000000	
0.0000000000	
0.0000000000	
0.0000000000	
0.0330728044	
0.0000000000	
0.0000000007	
0.0000000000	
0.0000000000	
0.0000000000	
0.0007196194	
0.0000000000	
0.0000000000	
0.0000000000	
0.0000000000	
0.0000000000	
0.0001041123	
0.1465329216	
0.0000000000	
0.1285262978	
0.0000000000	
0.0000000000	
0.0000000000	
0.0000000000	
0.1471183926	
0.0000000000	
0.0000000000	
0.0000000000	
0.0000000000	
0.0000000000	
0.0000000000	
0.0000000000	
0.0000000000	
0.0000000000	
