0.0000000000	
0.0000000000	
0.0481370501	
-0.0000000000	
0.0000000000	
-0.0000000000	
0.0000000000	
0.0000000000	
0.0000000000	
0.0043884074	
0.0000000000	
0.0000000000	
-0.0000000000	
-0.0000000000	
0.0000000000	
0.0000000000	
-0.0000000000	
0.1811640161	
-0.0000000000	
0.0000000000	
0.0000000000	
-0.0000000000	
-0.0000000000	
0.0000000000	
0.0000000000	
0.0000000000	
0.0000000000	
0.0324045047	
0.0372791619	
0.0000000000	
0.0170247797	
0.0000000000	
-0.0000000000	
-0.0000000000	
0.0000000000	
0.0000000000	
-0.0000000000	
-0.0000000000	
0.0000000000	
0.0000000000	
0.0000000000	
-0.0000000000	
0.0000000000	
-0.0000000000	
-0.0000000000	
-0.0000000000	
0.0000000000	
0.0225531280	
0.0000000000	
-0.0000000000	
0.0241623642	
-0.0000000000	
0.0251656406	
-0.0000000000	
0.0738998672	
-0.0000000000	
-0.0000000000	
0.0000000000	
0.0000000000	
0.0644582733	
0.1048265753	
-0.0000000000	
0.0644691952	
-0.0000000000	
0.0000000000	
0.0000000000	
-0.0000000000	
-0.0000000000	
0.0000000000	
-0.0000000000	
0.0000000000	
0.0000000000	
0.0431023386	
0.0000000000	
0.0030676412	
0.0000000000	
-0.0000000000	
0.0000000000	
0.0000000000	
0.0000000000	
-0.0000000000	
0.0000000000	
-0.0000000000	
0.0853103612	
-0.0000000000	
0.0000000000	
-0.0000000000	
-0.0000000000	
0.1434295340	
0.0000000000	
-0.0000000000	
0.0000000000	
0.0000000000	
-0.0000000000	
-0.0000000000	
0.0000000000	
-0.0000000000	
0.0251571614	
