0.0000000000	
0.0297728175	
0.0127099344	
0.0000000000	
0.0000000000	
0.0014656059	
0.0000000000	
0.0000000000	
0.0000000000	
0.0064745007	
0.0000000000	
0.0000000000	
0.0525180518	
0.0000000000	
0.0000000000	
0.0000000000	
0.0000000000	
0.1546694477	
0.0000000000	
0.0096489516	
0.0000000000	
0.0000000000	
0.0000000000	
0.0484981569	
0.0000000000	
0.0000000000	
0.0000000000	
0.1153786524	
0.0005988906	
0.0000000000	
0.0000000000	
0.0000000000	
0.0476191849	
0.0000000000	
0.0000000000	
0.0000000000	
0.0000000000	
0.0277935174	
0.0000000000	
0.0000000000	
0.0000000000	
0.0000000000	
0.0000000000	
0.0000000000	
0.0000000000	
0.0000000000	
0.0000000000	
0.0000000000	
0.0000000000	
0.0000000000	
0.0050175508	
0.0000000000	
0.0942004089	
0.0000000000	
0.0422862776	
0.0000000000	
0.0000000000	
0.0000000000	
0.0000000000	
0.0000000000	
0.0210840022	
0.0000000000	
0.0039347456	
0.0000000000	
0.0000000000	
0.0000000000	
0.0000000000	
0.0000000000	
0.0000000000	
0.0061651260	
0.0000000000	
0.0000000000	
0.0863651784	
0.0000000000	
0.0161875270	
0.0000000000	
0.0000000000	
0.0000000000	
0.0000000000	
0.0000000000	
0.0000000000	
0.0000000000	
0.0000000000	
0.0385672189	
0.0000000000	
0.0000000000	
0.0202768849	
0.0000000000	
0.1587673678	
0.0000000000	
0.0000000000	
0.0000000000	
0.0000000000	
0.0000000000	
0.0000000000	
0.0000000000	
0.0000000000	
0.0000000000	
