0.0000000000	
0.0000000000	
0.0361311518	
0.0000000000	
0.0000000000	
0.0000000000	
0.0000000000	
0.0000000000	
0.0000000000	
0.0122897059	
0.0000000000	
0.0000000000	
0.0000000000	
0.0000000000	
0.0000000000	
0.0000000000	
0.0000000000	
0.1786274293	
0.0000000000	
0.0000000000	
0.0000000000	
0.0000000000	
0.0000000000	
0.0000000000	
0.0000000000	
0.0000000000	
0.0000000000	
0.0375780119	
0.0213864298	
0.0000000000	
0.0000000000	
0.0000000000	
0.0486638435	
0.0000000000	
0.0000000000	
0.0000000000	
0.0000000000	
0.0000000000	
0.0000000000	
0.0000000000	
0.0000000000	
0.0000000000	
0.0000000000	
0.0000000000	
0.0000000000	
0.0000000000	
0.0000000000	
0.0210507514	
0.0000000000	
0.0000000000	
0.0313364631	
0.0000000000	
0.0151566185	
0.0000000000	
0.0600754748	
0.0000000000	
0.0000000000	
0.0000000000	
0.0000000000	
0.0657774257	
0.1039492749	
0.0000000000	
0.0268467479	
0.0000000000	
0.0000000000	
0.0000000000	
0.0000000000	
0.0000000000	
0.0000000000	
0.0000000000	
0.0000000000	
0.0000000000	
0.0516343350	
0.0000000000	
0.0000000000	
0.0000000000	
0.0000000000	
0.0000000000	
0.0000000000	
0.0000000000	
0.0000000000	
0.0000000000	
0.0000000000	
0.0773824397	
0.0000000000	
0.0000000000	
0.0256522914	
0.0000000000	
0.1428865735	
0.0000000000	
0.0000000000	
0.0000000000	
0.0000000000	
0.0000000000	
0.0000000000	
0.0000000000	
0.0000000000	
0.0435750319	
