0.0000000000	
0.0117689353	
0.0316377620	
0.0000000000	
0.0000000000	
0.0000000000	
0.0000000000	
0.0000000000	
0.0000000000	
0.0000000000	
0.0000000000	
0.0000000000	
0.0279509178	
0.0000000000	
0.0000000000	
0.0000000000	
0.0000000000	
0.1832145256	
0.0000000000	
0.0000000000	
0.0000000000	
0.0000000000	
0.0000000000	
0.0554912467	
0.0000000000	
0.0000000000	
0.0000000000	
0.0843310983	
0.0000000000	
0.0000000000	
0.0000000000	
0.0000000000	
0.0703414461	
0.0000000000	
0.0000000000	
0.0000000000	
0.0000000000	
0.0448891345	
0.0000000000	
0.0000000000	
0.0000000000	
0.0000000000	
0.0000000000	
0.0000000000	
0.0000000000	
0.0000000000	
0.0000000000	
0.0000000000	
0.0000000000	
0.0000000000	
0.0000000000	
-0.0000000000	
0.0807362860	
0.0000000000	
0.0397494643	
0.0000000000	
0.0000000000	
0.0000000000	
0.0000000000	
0.0000000000	
0.0273854185	
0.0000000000	
0.0000000000	
0.0000000000	
0.0000000000	
0.0000000000	
0.0000000000	
0.0000000000	
0.0000000000	
0.0000000000	
0.0000000000	
0.0000000000	
0.0809239762	
0.0000000000	
0.0000000000	
0.0000000000	
0.0000000000	
0.0000000000	
0.0000000000	
0.0000000000	
0.0000000000	
0.0000000000	
0.0000000000	
0.0477607398	
0.0000000000	
0.0000000000	
0.0713512389	
0.0000000000	
0.1424678100	
0.0000000000	
0.0000000000	
0.0000000000	
0.0000000000	
0.0000000000	
0.0000000000	
0.0000000000	
0.0000000000	
0.0000000000	
